source;target;label
0;3;14.62
0;4;21.41
0;9;24.09
1;2;17.29
2;4;8.39
2;1;17.29
3;0;14.62
4;0;21.41
4;2;8.39
5;11;17.14
6;19;24.29
7;9;8.28
7;12;8.94
8;9;6.66
9;0;24.09
9;8;6.66
9;7;8.28
9;10;28.56
10;9;28.56
10;11;15.79
10;24;50.01
11;10;15.79
11;5;17.14
11;19;26.02
12;7;8.94
13;19;13.51
13;15;18.57
14;16;31.84
14;23;29.16
15;13;18.57
16;30;25.23
16;14;31.84
17;25;29.72
17;18;23.36
18;17;23.36
18;27;21.06
19;11;26.02
19;20;1.15
19;13;13.51
19;6;24.29
20;19;1.15
20;40;22.92
21;23;30.63
22;23;19.00
22;25;21.36
22;28;36.71
23;14;29.16
23;22;19.00
23;21;30.63
24;10;50.01
25;22;21.36
25;17;29.72
26;32;31.78
26;33;8.79
26;35;10.39
27;18;21.06
27;31;13.01
28;22;36.71
28;39;32.14
29;30;1.94
30;36;24.45
30;29;1.94
30;16;25.23
31;27;13.01
32;38;21.61
32;36;2.75
32;26;31.78
33;26;8.79
33;37;9.47
34;37;7.41
35;26;10.39
35;41;23.21
36;32;2.75
36;30;24.45
37;33;9.47
37;34;7.41
38;40;19.67
38;32;21.61
39;28;32.14
40;20;22.92
40;38;19.67
41;35;23.21
41;44;24.46
41;46;32.18
42;59;10.46
42;45;42.62
43;45;53.50
44;41;24.46
44;58;40.29
45;42;42.62
45;43;53.50
46;41;32.18
46;48;6.27
46;50;13.10
46;47;40.52
47;46;40.52
48;46;6.27
49;59;23.20
49;61;44.43
50;46;13.10
50;51;28.81
51;50;28.81
51;56;11.72
51;52;20.49
51;60;33.08
52;51;20.49
53;56;20.95
54;67;3.10
54;63;11.42
55;60;50.06
56;51;11.72
56;53;20.95
57;64;5.92
58;44;40.29
58;64;44.34
59;69;16.26
59;42;10.46
59;49;23.20
60;51;33.08
60;72;14.60
60;62;21.58
60;55;50.06
61;49;44.43
62;60;21.58
63;54;11.42
64;58;44.34
64;57;5.92
65;69;4.92
65;71;1.89
65;66;3.91
66;65;3.91
66;67;11.54
67;66;11.54
67;54;3.10
68;73;40.26
69;72;35.43
69;65;4.92
69;59;16.26
69;73;52.98
70;79;56.05
70;78;7.35
71;65;1.89
71;77;16.47
72;60;14.60
72;69;35.43
73;69;52.98
73;68;40.26
74;77;30.22
74;83;3.49
74;75;22.85
75;74;22.85
76;77;42.69
76;79;17.90
77;71;16.47
77;74;30.22
77;76;42.69
78;70;7.35
79;76;17.90
79;70;56.05
80;82;22.57
81;84;14.12
81;82;39.27
82;81;39.27
82;80;22.57
83;74;3.49
83;84;21.93
84;83;21.93
84;81;14.12
84;89;26.70
85;87;9.14
85;88;14.82
85;92;37.24
86;90;3.87
86;87;10.14
87;86;10.14
87;85;9.14
88;85;14.82
88;99;29.83
89;84;26.70
89;90;21.18
89;95;23.28
90;89;21.18
90;86;3.87
91;99;20.44
92;85;37.24
93;99;9.83
93;106;25.41
94;95;14.43
95;89;23.28
95;94;14.43
96;97;16.13
97;110;20.32
97;96;16.13
98;102;13.16
99;88;29.83
99;93;9.83
99;91;20.44
100;103;50.69
101;106;1.50
102;104;22.27
102;98;13.16
102;103;19.95
103;102;19.95
103;109;21.23
103;100;50.69
104;106;19.48
104;102;22.27
105;108;14.09
106;93;25.41
106;101;1.50
106;104;19.48
107;108;61.16
108;111;7.10
108;105;14.09
108;117;35.38
108;107;61.16
109;103;21.23
109;115;20.26
110;112;27.70
110;97;20.32
111;112;12.99
111;108;7.10
111;114;15.49
112;116;11.97
112;111;12.99
112;110;27.70
112;113;38.87
113;112;38.87
113;131;46.61
114;111;15.49
115;109;20.26
115;116;7.19
115;120;25.52
116;115;7.19
116;112;11.97
116;119;30.84
117;108;35.38
117;129;15.54
118;126;9.99
119;116;30.84
120;115;25.52
120;124;17.70
120;122;24.90
120;121;26.44
121;120;26.44
121;128;5.37
122;120;24.90
122;123;5.58
123;122;5.58
124;120;17.70
125;128;27.36
126;129;32.82
126;118;9.99
127;130;30.26
127;132;23.86
128;121;5.37
128;125;27.36
128;130;29.74
129;117;15.54
129;126;32.82
130;128;29.74
130;127;30.26
131;113;46.61
131;141;26.77
132;127;23.86
132;146;15.15
133;143;17.26
133;136;53.15
134;142;17.13
135;138;25.98
136;133;53.15
137;139;34.76
137;142;51.96
138;140;37.16
138;135;25.98
139;147;2.70
139;137;34.76
140;141;13.03
140;143;7.54
140;138;37.16
141;131;26.77
141;140;13.03
142;137;51.96
142;134;17.13
143;140;7.54
143;133;17.26
144;146;21.59
144;164;52.20
145;154;8.14
146;132;15.15
146;144;21.59
146;147;36.13
147;146;36.13
147;139;2.70
147;150;14.49
147;160;24.42
147;163;40.34
148;166;81.21
149;151;2.30
150;147;14.49
150;152;1.22
150;151;9.72
151;150;9.72
151;149;2.30
151;161;22.07
152;150;1.22
152;158;24.46
153;154;23.58
154;157;13.14
154;145;8.14
154;153;23.58
154;155;32.74
155;154;32.74
155;159;50.22
156;174;6.59
157;158;19.35
157;154;13.14
158;152;24.46
158;157;19.35
159;155;50.22
159;168;19.37
160;147;24.42
161;151;22.07
162;163;6.36
163;147;40.34
163;162;6.36
163;166;33.36
164;144;52.20
165;166;11.88
166;163;33.36
166;165;11.88
166;148;81.21
167;170;42.38
168;159;19.37
168;180;23.58
169;173;13.20
169;178;4.26
170;171;5.18
170;167;42.38
171;177;29.26
171;170;5.18
171;175;17.73
172;178;8.62
173;175;26.21
173;169;13.20
174;175;35.42
174;156;6.59
174;179;45.83
175;171;17.73
175;173;26.21
175;174;35.42
176;177;51.05
176;183;54.60
177;180;5.44
177;171;29.26
177;176;51.05
178;169;4.26
178;172;8.62
178;185;54.41
179;174;45.83
180;168;23.58
180;177;5.44
180;181;44.00
181;180;44.00
181;194;26.20
181;189;40.43
182;183;64.08
182;190;72.22
183;176;54.60
183;200;42.26
183;182;64.08
184;196;14.87
185;178;54.41
186;192;33.97
187;191;67.55
187;188;16.52
188;187;16.52
189;181;40.43
189;192;2.10
190;182;72.22
191;194;3.14
191;187;67.55
192;189;2.10
192;186;33.97
193;196;42.71
194;181;26.20
194;191;3.14
194;196;41.55
195;196;11.07
195;198;45.23
196;194;41.55
196;195;11.07
196;184;14.87
196;193;42.71
197;204;16.72
198;195;45.23
199;202;29.38
199;210;21.50
200;183;42.26
200;202;37.65
201;217;9.27
201;204;7.22
201;203;42.44
202;200;37.65
202;199;29.38
203;201;42.44
203;208;35.89
203;219;37.22
204;201;7.22
204;197;16.72
205;208;32.28
205;218;9.16
206;210;52.67
206;214;42.66
207;208;18.83
207;215;9.90
208;203;35.89
208;207;18.83
208;205;32.28
209;221;16.10
210;199;21.50
210;213;23.12
210;206;52.67
211;214;32.64
212;217;23.50
213;210;23.12
213;223;20.40
214;206;42.66
214;211;32.64
215;207;9.90
216;219;62.30
217;220;15.36
217;201;9.27
217;212;23.50
218;205;9.16
219;203;37.22
219;216;62.30
220;228;14.84
220;222;2.19
220;217;15.36
221;222;26.21
221;209;16.10
222;220;2.19
222;221;26.21
223;213;20.40
223;229;3.80
224;225;8.14
225;229;23.76
225;224;8.14
226;228;3.26
226;230;16.84
227;230;10.68
228;232;25.88
228;226;3.26
228;220;14.84
228;231;23.46
229;223;3.80
229;238;1.75
229;232;17.27
229;225;23.76
230;226;16.84
230;227;10.68
230;235;16.63
230;234;34.01
231;228;23.46
232;229;17.27
232;233;23.88
232;228;25.88
232;240;54.42
233;232;23.88
233;237;17.03
234;230;34.01
235;230;16.63
236;250;29.23
237;233;17.03
238;229;1.75
239;247;30.12
240;232;54.42
240;258;34.75
241;246;33.56
241;242;29.45
241;247;32.24
242;241;29.45
243;245;9.18
244;265;18.36
245;246;43.34
245;243;9.18
246;254;19.55
246;241;33.56
246;245;43.34
247;241;32.24
247;252;23.70
247;239;30.12
248;251;31.69
248;253;42.37
249;259;14.91
249;250;29.21
250;249;29.21
250;236;29.23
251;252;24.55
251;248;31.69
252;247;23.70
252;255;3.81
252;251;24.55
253;248;42.37
254;258;42.58
254;246;19.55
255;252;3.81
255;259;22.09
256;257;39.70
257;260;17.80
257;261;32.40
257;256;39.70
258;240;34.75
258;263;19.73
258;254;42.58
259;255;22.09
259;249;14.91
259;267;27.76
260;263;38.03
260;257;17.80
261;257;32.40
261;279;47.81
262;263;29.17
262;264;2.81
262;265;20.46
263;258;19.73
263;262;29.17
263;260;38.03
264;262;2.81
265;262;20.46
265;244;18.36
266;269;28.73
267;259;27.76
267;272;3.18
268;272;20.21
269;272;27.06
269;266;28.73
269;271;61.67
270;282;11.25
270;273;27.88
271;269;61.67
272;267;3.18
272;268;20.21
272;269;27.06
273;270;27.88
274;280;16.18
275;278;4.19
276;279;30.93
277;278;11.89
277;289;4.64
277;288;26.69
278;282;14.06
278;280;3.86
278;275;4.19
278;277;11.89
279;261;47.81
279;283;22.12
279;276;30.93
280;278;3.86
280;274;16.18
281;283;13.70
281;282;10.68
282;281;10.68
282;270;11.25
282;278;14.06
282;285;17.50
283;279;22.12
283;281;13.70
284;286;4.49
285;282;17.50
285;286;19.18
286;285;19.18
286;284;4.49
287;288;51.22
288;277;26.69
288;287;51.22
289;277;4.64
289;291;24.02
290;291;36.92
291;289;24.02
291;308;21.54
291;290;36.92
292;299;52.64
292;295;63.07
293;294;27.95
294;296;13.98
294;293;27.95
295;292;63.07
296;305;16.80
296;298;11.68
296;294;13.98
296;301;16.81
297;299;40.34
298;296;11.68
298;306;17.74
299;305;11.57
299;300;24.36
299;297;40.34
299;292;52.64
300;299;24.36
301;296;16.81
302;304;11.05
303;307;30.50
303;312;3.50
304;312;12.94
304;305;1.16
304;302;11.05
305;304;1.16
305;299;11.57
305;296;16.80
306;298;17.74
307;308;30.66
307;309;3.47
307;303;30.50
308;291;21.54
308;310;12.85
308;307;30.66
309;307;3.47
310;308;12.85
310;319;47.07
311;324;7.94
312;303;3.50
312;304;12.94
313;316;45.95
313;321;7.07
314;317;34.12
315;316;48.62
316;319;31.51
316;313;45.95
316;315;48.62
317;318;24.63
317;314;34.12
318;319;56.37
318;317;24.63
319;310;47.07
319;316;31.51
319;320;34.92
319;318;56.37
320;319;34.92
320;322;5.49
321;313;7.07
321;329;30.50
322;320;5.49
322;336;38.41
323;331;15.90
323;325;23.17
324;325;7.90
324;311;7.94
325;323;23.17
325;324;7.90
325;328;32.17
326;333;39.00
326;330;34.75
327;328;36.37
328;325;32.17
328;327;36.37
329;321;30.50
329;334;41.89
330;326;34.75
330;335;24.17
331;338;7.59
331;323;15.90
332;333;27.57
333;345;13.62
333;332;27.57
333;326;39.00
334;329;41.89
334;342;9.90
335;330;24.17
336;322;38.41
336;338;29.99
337;338;38.03
338;336;29.99
338;331;7.59
338;337;38.03
339;342;38.03
340;350;3.69
341;342;3.82
341;356;4.60
341;345;19.51
342;334;9.90
342;341;3.82
342;339;38.03
343;352;27.82
344;353;60.65
345;341;19.51
345;333;13.62
346;353;12.20
346;349;3.04
346;348;30.37
347;352;23.40
348;346;30.37
349;346;3.04
349;357;5.62
349;355;18.64
350;355;4.33
350;340;3.69
351;356;9.96
351;352;5.90
351;353;21.26
352;351;5.90
352;347;23.40
352;343;27.82
353;351;21.26
353;346;12.20
353;344;60.65
354;355;31.48
355;349;18.64
355;350;4.33
355;354;31.48
356;341;4.60
356;351;9.96
356;363;12.70
356;358;15.31
357;349;5.62
357;360;18.09
358;356;15.31
358;361;18.96
359;362;24.29
359;366;53.27
360;357;18.09
360;362;28.22
360;369;52.24
361;358;18.96
362;360;28.22
362;371;17.53
362;359;24.29
363;356;12.70
364;367;42.51
365;373;32.69
365;368;21.08
365;367;23.25
366;359;53.27
367;365;23.25
367;364;42.51
368;365;21.08
368;389;18.04
369;360;52.24
370;372;38.54
371;362;17.53
371;376;31.75
372;386;1.76
372;370;38.54
372;373;46.29
373;372;46.29
373;365;32.69
374;378;23.89
374;375;2.20
374;386;23.84
375;374;2.20
375;380;19.89
376;371;31.75
376;377;6.14
377;376;6.14
377;378;22.35
378;377;22.35
378;374;23.89
379;382;25.81
380;375;19.89
381;385;26.31
381;383;37.96
382;398;9.31
382;379;25.81
383;381;37.96
383;388;38.96
384;385;5.66
384;387;2.10
384;395;8.95
385;386;38.29
385;384;5.66
385;381;26.31
385;390;29.29
386;374;23.84
386;372;1.76
386;397;18.01
386;385;38.29
387;384;2.10
388;383;38.96
389;368;18.04
390;385;29.29
390;409;1.60
391;395;31.01
392;395;15.19
392;393;31.29
392;394;55.87
393;392;31.29
394;392;55.87
395;384;8.95
395;392;15.19
395;391;31.01
396;408;36.77
396;398;16.72
397;386;18.01
398;396;16.72
398;382;9.31
399;408;5.52
399;401;26.91
399;400;48.00
400;399;48.00
401;399;26.91
402;405;8.02
402;421;8.32
403;419;25.30
403;404;14.50
404;403;14.50
404;417;16.95
404;416;38.71
405;412;9.61
405;402;8.02
406;408;4.41
407;409;19.94
407;408;20.25
407;414;21.90
408;407;20.25
408;406;4.41
408;399;5.52
408;396;36.77
409;390;1.60
409;407;19.94
409;410;20.57
410;409;20.57
410;413;16.85
411;413;27.79
412;414;31.80
412;405;9.61
413;410;16.85
413;411;27.79
414;407;21.90
414;412;31.80
415;420;38.89
415;419;14.91
416;404;38.71
417;404;16.95
418;421;9.86
418;420;1.37
418;425;14.73
419;415;14.91
419;403;25.30
419;438;40.29
420;418;1.37
420;415;38.89
421;402;8.32
421;424;6.05
421;418;9.86
422;423;64.52
423;435;14.17
423;422;64.52
424;421;6.05
425;418;14.73
425;426;13.78
426;425;13.78
427;431;36.75
428;432;10.91
428;431;25.03
429;433;30.76
429;439;19.44
430;437;42.38
431;428;25.03
431;444;5.44
431;427;36.75
432;442;26.60
432;436;6.45
432;428;10.91
433;435;45.23
433;429;30.76
433;434;31.28
434;433;31.28
435;438;24.84
435;423;14.17
435;433;45.23
436;432;6.45
437;444;10.09
437;430;42.38
438;419;40.29
438;435;24.84
439;429;19.44
439;446;20.07
440;445;1.81
441;451;10.86
442;451;20.57
442;443;13.91
442;432;26.60
443;442;13.91
443;454;43.75
444;431;5.44
444;437;10.09
445;447;5.82
445;440;1.81
446;439;20.07
446;469;2.60
447;452;13.41
447;445;5.82
447;451;11.88
448;463;25.34
449;452;26.25
449;450;29.23
449;453;47.48
450;449;29.23
451;447;11.88
451;441;10.86
451;442;20.57
452;459;20.51
452;447;13.41
452;449;26.25
453;449;47.48
454;443;43.75
455;456;17.04
455;459;36.43
456;462;2.77
456;455;17.04
456;457;43.24
457;456;43.24
458;461;60.00
459;455;36.43
459;452;20.51
459;461;21.56
460;463;35.07
461;459;21.56
461;458;60.00
462;468;39.36
462;463;1.82
462;456;2.77
463;462;1.82
463;448;25.34
463;460;35.07
464;479;16.26
465;466;20.59
465;470;18.31
465;472;50.32
466;469;2.49
466;465;20.59
467;476;8.16
467;474;39.37
468;470;3.33
468;475;14.21
468;462;39.36
469;446;2.60
469;466;2.49
470;465;18.31
470;468;3.33
471;475;25.72
471;485;26.54
472;465;50.32
473;478;53.05
473;476;39.04
474;467;39.37
474;498;61.90
475;468;14.21
475;471;25.72
476;473;39.04
476;467;8.16
477;480;3.21
478;482;14.26
478;473;53.05
479;486;2.75
479;483;10.06
479;464;16.26
480;482;2.95
480;477;3.21
480;488;21.99
481;494;12.02
482;485;26.67
482;480;2.95
482;478;14.26
483;479;10.06
484;486;32.76
485;471;26.54
485;482;26.67
486;492;7.42
486;479;2.75
486;487;18.27
486;484;32.76
487;486;18.27
487;491;19.06
488;480;21.99
488;495;3.72
488;489;22.25
488;497;24.79
489;488;22.25
489;490;21.58
490;489;21.58
491;487;19.06
491;494;4.97
491;493;12.71
492;496;21.19
492;486;7.42
493;491;12.71
494;491;4.97
494;481;12.02
495;488;3.72
496;497;7.86
496;492;21.19
496;499;46.52
497;488;24.79
497;496;7.86
498;474;61.90
499;496;46.52
