source;target;label
0;1;30.16
0;2;90.36
0;3;53.11
0;4;18.10
0;5;30.48
0;6;33.74
0;7;84.50
0;8;34.46
0;9;64.07
0;10;38.48
0;11;73.28
0;12;51.00
0;13;55.53
0;14;40.54
0;21;58.25
1;0;30.16
1;2;61.82
1;3;14.98
1;4;28.13
1;5;11.91
1;6;61.70
1;7;16.59
1;8;31.03
1;9;37.01
1;10;93.57
1;11;35.97
1;12;7.93
1;13;82.11
1;14;68.20
1;33;26.23
2;0;90.36
2;1;61.82
2;3;39.66
2;4;96.78
2;5;22.84
2;6;31.04
2;7;56.42
2;8;83.24
2;9;5.77
2;10;2.46
2;11;90.35
2;12;15.87
2;13;90.83
2;14;99.57
2;82;62.71
3;0;53.11
3;1;14.98
3;2;39.66
3;4;42.30
3;5;81.45
3;6;70.71
3;7;21.91
3;8;47.30
3;9;7.22
3;10;88.60
3;11;41.43
3;12;53.42
3;13;31.29
3;14;7.66
3;15;80.49
4;0;18.10
4;1;28.13
4;2;96.78
4;3;42.30
4;5;81.96
4;6;7.82
4;7;34.12
4;8;90.58
4;9;29.84
4;10;83.54
4;11;95.63
4;12;78.90
4;13;15.54
4;14;22.72
4;19;50.26
5;0;30.48
5;1;11.91
5;2;22.84
5;3;81.45
5;4;81.96
5;6;92.99
5;7;34.64
5;8;1.39
5;9;70.60
5;10;75.69
5;11;62.85
5;12;81.97
5;13;61.20
5;14;34.33
5;23;69.30
6;0;33.74
6;1;61.70
6;2;31.04
6;3;70.71
6;4;7.82
6;5;92.99
6;7;25.45
6;8;14.31
6;9;89.20
6;10;30.10
6;11;16.10
6;12;81.61
6;13;90.13
6;14;98.50
6;31;97.88
7;0;84.50
7;1;16.59
7;2;56.42
7;3;21.91
7;4;34.12
7;5;34.64
7;6;25.45
7;8;84.32
7;9;5.00
7;10;47.66
7;11;59.49
7;12;13.69
7;13;74.98
7;14;77.81
7;59;53.76
8;0;34.46
8;1;31.03
8;2;83.24
8;3;47.30
8;4;90.58
8;5;1.39
8;6;14.31
8;7;84.32
8;9;53.38
8;10;47.42
8;11;51.66
8;12;68.60
8;13;60.43
8;14;86.66
8;15;76.44
9;0;64.07
9;1;37.01
9;2;5.77
9;3;7.22
9;4;29.84
9;5;70.60
9;6;89.20
9;7;5.00
9;8;53.38
9;10;69.14
9;11;33.78
9;12;64.70
9;13;48.58
9;14;96.36
9;22;91.85
10;0;38.48
10;1;93.57
10;2;2.46
10;3;88.60
10;4;83.54
10;5;75.69
10;6;30.10
10;7;47.66
10;8;47.42
10;9;69.14
10;11;67.25
10;12;5.90
10;13;57.45
10;14;14.36
10;15;70.98
11;0;73.28
11;1;35.97
11;2;90.35
11;3;41.43
11;4;95.63
11;5;62.85
11;6;16.10
11;7;59.49
11;8;51.66
11;9;33.78
11;10;67.25
11;12;20.32
11;13;17.72
11;14;84.25
11;25;86.81
12;0;51.00
12;1;7.93
12;2;15.87
12;3;53.42
12;4;78.90
12;5;81.97
12;6;81.61
12;7;13.69
12;8;68.60
12;9;64.70
12;10;5.90
12;11;20.32
12;13;78.65
12;14;11.43
12;30;43.78
13;0;55.53
13;1;82.11
13;2;90.83
13;3;31.29
13;4;15.54
13;5;61.20
13;6;90.13
13;7;74.98
13;8;60.43
13;9;48.58
13;10;57.45
13;11;17.72
13;12;78.65
13;14;74.76
13;72;22.76
14;0;40.54
14;1;68.20
14;2;99.57
14;3;7.66
14;4;22.72
14;5;34.33
14;6;98.50
14;7;77.81
14;8;86.66
14;9;96.36
14;10;14.36
14;11;84.25
14;12;11.43
14;13;74.76
14;16;90.13
15;3;80.49
15;8;76.44
15;10;70.98
15;16;74.72
15;17;24.36
15;18;44.21
15;20;86.76
15;21;87.18
15;23;63.69
15;24;53.49
15;30;2.71
15;33;44.58
15;41;95.85
15;49;98.23
15;61;66.94
16;14;90.13
16;15;74.72
16;17;24.07
16;18;55.41
16;19;25.45
16;20;23.41
16;23;64.42
16;24;14.76
16;27;3.37
16;31;38.20
16;32;60.31
16;33;87.71
16;34;28.27
16;36;5.07
16;49;74.37
17;15;24.36
17;16;24.07
17;18;28.22
17;19;16.15
17;20;32.02
17;21;25.51
17;25;13.60
17;27;95.05
17;29;88.57
17;30;97.78
17;35;12.13
17;39;45.97
17;43;16.27
17;54;37.73
17;58;2.41
18;15;44.21
18;16;55.41
18;17;28.22
18;19;98.72
18;20;87.89
18;21;51.84
18;22;31.32
18;23;18.83
18;24;49.88
18;25;34.40
18;28;90.51
18;29;24.20
18;31;81.33
18;42;96.10
18;96;67.17
19;4;50.26
19;16;25.45
19;17;16.15
19;18;98.72
19;20;33.56
19;21;20.43
19;25;36.02
19;27;73.93
19;28;88.42
19;33;24.37
19;35;10.90
19;36;88.04
19;39;43.79
19;41;96.97
19;89;17.98
20;15;86.76
20;16;23.41
20;17;32.02
20;18;87.89
20;19;33.56
20;21;5.71
20;22;4.79
20;23;22.01
20;24;15.63
20;25;16.18
20;28;71.93
20;29;48.86
20;36;19.10
20;37;14.37
20;39;89.07
21;0;58.25
21;15;87.18
21;17;25.51
21;18;51.84
21;19;20.43
21;20;5.71
21;23;52.27
21;24;59.67
21;25;86.99
21;28;86.51
21;29;89.23
21;32;44.46
21;37;16.31
21;41;88.36
21;56;55.16
22;9;91.85
22;18;31.32
22;20;4.79
22;23;74.27
22;25;58.10
22;26;49.06
22;27;57.88
22;28;60.34
22;30;23.56
22;33;71.12
22;38;22.11
22;45;72.37
22;50;4.00
22;58;72.52
22;74;89.44
23;5;69.30
23;15;63.69
23;16;64.42
23;18;18.83
23;20;22.01
23;21;52.27
23;22;74.27
23;27;49.01
23;32;72.29
23;35;4.86
23;36;95.72
23;37;83.68
23;45;75.07
23;46;22.76
23;48;94.13
24;15;53.49
24;16;14.76
24;18;49.88
24;20;15.63
24;21;59.67
24;25;45.59
24;27;66.30
24;31;29.39
24;34;99.12
24;37;47.02
24;38;26.82
24;43;83.29
24;54;13.99
24;68;71.18
24;77;36.99
25;11;86.81
25;17;13.60
25;18;34.40
25;19;36.02
25;20;16.18
25;21;86.99
25;22;58.10
25;24;45.59
25;26;69.63
25;27;30.06
25;30;12.42
25;33;16.57
25;36;77.18
25;44;54.35
25;51;95.16
26;22;49.06
26;25;69.63
26;27;6.72
26;28;86.57
26;29;73.54
26;32;79.91
26;33;61.86
26;37;46.91
26;42;87.15
26;44;80.51
26;45;75.16
26;48;5.03
26;49;59.13
26;53;28.67
26;60;17.75
27;16;3.37
27;17;95.05
27;19;73.93
27;22;57.88
27;23;49.01
27;24;66.30
27;25;30.06
27;26;6.72
27;28;89.56
27;33;58.31
27;38;93.10
27;49;14.11
27;62;16.40
27;74;97.99
27;84;21.38
28;18;90.51
28;19;88.42
28;20;71.93
28;21;86.51
28;22;60.34
28;26;86.57
28;27;89.56
28;29;16.59
28;30;73.91
28;32;91.78
28;33;61.15
28;37;18.01
28;45;4.28
28;47;84.41
28;57;28.76
29;17;88.57
29;18;24.20
29;20;48.86
29;21;89.23
29;26;73.54
29;28;16.59
29;30;76.27
29;33;21.29
29;36;27.54
29;38;61.42
29;40;1.64
29;44;38.08
29;45;87.70
29;46;98.61
29;50;47.48
30;12;43.78
30;15;2.71
30;17;97.78
30;22;23.56
30;25;12.42
30;28;73.91
30;29;76.27
30;31;49.83
30;33;98.17
30;38;16.64
30;39;33.59
30;41;26.82
30;43;36.63
30;44;35.24
30;53;70.60
31;6;97.88
31;16;38.20
31;18;81.33
31;24;29.39
31;30;49.83
31;32;85.81
31;33;18.29
31;34;34.21
31;38;71.63
31;39;41.46
31;40;25.00
31;44;27.12
31;48;58.53
31;54;75.32
31;63;91.89
32;16;60.31
32;21;44.46
32;23;72.29
32;26;79.91
32;28;91.78
32;31;85.81
32;33;80.76
32;36;33.62
32;38;75.07
32;43;28.45
32;44;28.91
32;45;71.21
32;46;32.05
32;53;90.96
32;75;52.34
33;1;26.23
33;15;44.58
33;16;87.71
33;19;24.37
33;22;71.12
33;25;16.57
33;26;61.86
33;27;58.31
33;28;61.15
33;29;21.29
33;30;98.17
33;31;18.29
33;32;80.76
33;45;95.81
33;66;49.72
34;16;28.27
34;24;99.12
34;31;34.21
34;35;35.34
34;37;15.42
34;38;54.70
34;39;11.34
34;41;92.63
34;43;90.61
34;51;43.95
34;57;67.09
34;62;11.46
34;68;17.05
34;73;69.97
34;78;43.77
35;17;12.13
35;19;10.90
35;23;4.86
35;34;35.34
35;36;98.30
35;41;69.58
35;43;30.82
35;44;33.26
35;45;16.62
35;46;66.98
35;58;34.62
35;59;62.94
35;65;66.71
35;81;20.23
35;93;40.63
36;16;5.07
36;19;88.04
36;20;19.10
36;23;95.72
36;25;77.18
36;29;27.54
36;32;33.62
36;35;98.30
36;40;49.82
36;41;72.77
36;43;90.46
36;44;67.43
36;46;59.90
36;48;3.63
36;50;6.51
37;20;14.37
37;21;16.31
37;23;83.68
37;24;47.02
37;26;46.91
37;28;18.01
37;34;15.42
37;38;38.01
37;40;10.42
37;41;62.28
37;42;96.85
37;46;45.22
37;51;85.33
37;57;21.17
37;74;17.21
38;22;22.11
38;24;26.82
38;27;93.10
38;29;61.42
38;30;16.64
38;31;71.63
38;32;75.07
38;34;54.70
38;37;38.01
38;40;61.79
38;41;82.72
38;46;62.61
38;53;97.37
38;58;95.86
38;76;67.65
39;17;45.97
39;19;43.79
39;20;89.07
39;30;33.59
39;31;41.46
39;34;11.34
39;41;52.55
39;46;90.17
39;47;82.63
39;48;35.18
39;54;71.99
39;57;99.20
39;58;30.39
39;64;57.27
39;65;51.25
40;29;1.64
40;31;25.00
40;36;49.82
40;37;10.42
40;38;61.79
40;41;8.15
40;44;56.57
40;45;24.41
40;47;18.63
40;49;33.18
40;51;64.00
40;62;47.55
40;63;17.32
40;70;48.68
40;81;17.51
41;15;95.85
41;19;96.97
41;21;88.36
41;30;26.82
41;34;92.63
41;35;69.58
41;36;72.77
41;37;62.28
41;38;82.72
41;39;52.55
41;40;8.15
41;43;83.56
41;51;71.49
41;58;53.75
41;72;19.11
42;18;96.10
42;26;87.15
42;37;96.85
42;43;99.06
42;46;96.41
42;47;62.99
42;48;50.62
42;49;3.93
42;50;32.55
42;55;82.25
42;60;75.84
42;62;76.26
42;63;42.21
42;65;55.64
42;78;92.94
43;17;16.27
43;24;83.29
43;30;36.63
43;32;28.45
43;34;90.61
43;35;30.82
43;36;90.46
43;41;83.56
43;42;99.06
43;48;68.39
43;53;99.98
43;56;66.10
43;57;64.66
43;63;61.70
43;78;3.87
44;25;54.35
44;26;80.51
44;29;38.08
44;30;35.24
44;31;27.12
44;32;28.91
44;35;33.26
44;36;67.43
44;40;56.57
44;51;60.90
44;52;27.99
44;56;88.15
44;57;28.77
44;62;15.29
44;75;31.76
45;22;72.37
45;23;75.07
45;26;75.16
45;28;4.28
45;29;87.70
45;32;71.21
45;33;95.81
45;35;16.62
45;40;24.41
45;50;89.70
45;54;69.07
45;56;74.65
45;57;64.64
45;67;41.26
45;75;71.40
46;23;22.76
46;29;98.61
46;32;32.05
46;35;66.98
46;36;59.90
46;37;45.22
46;38;62.61
46;39;90.17
46;42;96.41
46;50;26.55
46;52;37.54
46;57;53.17
46;58;10.80
46;63;9.45
47;28;84.41
47;39;82.63
47;40;18.63
47;42;62.99
47;49;8.37
47;50;2.65
47;51;13.84
47;52;7.57
47;53;18.39
47;54;72.56
47;65;35.02
47;67;36.11
47;71;15.78
47;72;69.85
47;89;51.16
48;23;94.13
48;26;5.03
48;31;58.53
48;36;3.63
48;39;35.18
48;42;50.62
48;43;68.39
48;51;14.03
48;52;45.29
48;55;27.45
48;56;20.81
48;60;15.87
48;67;78.74
48;80;70.21
48;86;72.04
49;15;98.23
49;16;74.37
49;26;59.13
49;27;14.11
49;40;33.18
49;42;3.93
49;47;8.37
49;50;9.06
49;54;65.75
49;55;75.90
49;59;41.92
49;70;44.04
49;71;98.69
49;83;94.26
50;22;4.00
50;29;47.48
50;36;6.51
50;42;32.55
50;45;89.70
50;46;26.55
50;47;2.65
50;49;9.06
50;51;62.89
50;53;68.17
50;56;27.43
50;66;47.30
50;69;27.56
50;73;65.88
50;80;98.49
51;25;95.16
51;34;43.95
51;37;85.33
51;40;64.00
51;41;71.49
51;44;60.90
51;47;13.84
51;48;14.03
51;50;62.89
51;56;96.38
51;62;71.56
51;65;61.89
51;71;19.84
51;73;56.70
52;44;27.99
52;46;37.54
52;47;7.57
52;48;45.29
52;54;98.69
52;57;29.46
52;58;68.09
52;60;53.63
52;61;87.64
52;68;80.34
52;69;99.92
52;71;40.76
52;87;15.24
52;89;31.49
53;26;28.67
53;30;70.60
53;32;90.96
53;38;97.37
53;43;99.98
53;47;18.39
53;50;68.17
53;54;26.31
53;56;73.24
53;58;11.14
53;63;21.98
53;65;72.38
53;69;77.69
53;71;55.95
53;84;76.97
54;17;37.73
54;24;13.99
54;31;75.32
54;39;71.99
54;45;69.07
54;47;72.56
54;49;65.75
54;52;98.69
54;53;26.31
54;56;70.15
54;57;89.86
54;58;40.63
54;80;88.87
54;89;4.16
54;95;6.08
55;42;82.25
55;48;27.45
55;49;75.90
55;57;30.39
55;58;43.44
55;63;89.24
55;65;43.18
55;66;60.64
55;71;41.22
55;72;7.57
55;73;44.74
55;74;46.48
55;92;82.13
55;94;25.21
56;21;55.16
56;43;66.10
56;44;88.15
56;45;74.65
56;48;20.81
56;50;27.43
56;51;96.38
56;53;73.24
56;54;70.15
56;57;84.30
56;65;3.19
56;68;60.75
56;74;7.54
56;76;80.19
56;79;66.94
57;28;28.76
57;34;67.09
57;37;21.17
57;39;99.20
57;43;64.66
57;44;28.77
57;45;64.64
57;46;53.17
57;52;29.46
57;54;89.86
57;55;30.39
57;56;84.30
57;59;32.48
57;62;93.81
57;64;48.77
58;17;2.41
58;22;72.52
58;35;34.62
58;38;95.86
58;39;30.39
58;41;53.75
58;46;10.80
58;52;68.09
58;53;11.14
58;54;40.63
58;55;43.44
58;59;64.52
58;60;39.27
58;65;76.82
58;67;79.68
59;7;53.76
59;35;62.94
59;49;41.92
59;57;32.48
59;58;64.52
59;60;37.45
59;61;66.46
59;62;63.90
59;63;52.58
59;71;58.10
59;78;99.24
59;80;8.24
59;84;51.27
60;26;17.75
60;42;75.84
60;48;15.87
60;52;53.63
60;58;39.27
60;59;37.45
60;61;60.22
60;62;83.06
60;68;45.30
60;69;7.54
60;71;95.08
60;72;8.37
60;81;46.58
60;82;82.71
60;84;37.35
61;15;66.94
61;52;87.64
61;59;66.46
61;60;60.22
61;62;55.48
61;63;90.73
61;64;75.52
61;69;15.55
61;70;94.67
61;74;78.62
61;75;78.28
61;77;7.54
61;78;59.85
61;86;29.03
61;92;99.13
62;27;16.40
62;34;11.46
62;40;47.55
62;42;76.26
62;44;15.29
62;51;71.56
62;57;93.81
62;59;63.90
62;60;83.06
62;61;55.48
62;64;94.56
62;69;31.51
62;78;91.21
62;87;64.27
63;31;91.89
63;40;17.32
63;42;42.21
63;43;61.70
63;46;9.45
63;53;21.98
63;55;89.24
63;59;52.58
63;61;90.73
63;64;80.94
63;66;55.75
63;68;93.54
63;71;14.17
63;75;47.55
63;77;14.99
64;39;57.27
64;57;48.77
64;61;75.52
64;62;94.56
64;63;80.94
64;65;56.83
64;70;91.65
64;72;77.96
64;74;11.50
64;75;63.80
64;76;19.77
64;84;41.54
64;85;96.37
64;90;53.69
64;96;55.27
65;35;66.71
65;39;51.25
65;42;55.64
65;47;35.02
65;51;61.89
65;53;72.38
65;55;43.18
65;56;3.19
65;58;76.82
65;64;56.83
65;72;12.74
65;76;97.15
65;77;96.37
65;82;97.11
65;83;63.57
66;33;49.72
66;50;47.30
66;55;60.64
66;63;55.75
66;67;69.50
66;69;71.46
66;70;96.07
66;72;28.73
66;73;1.08
66;74;62.31
66;75;23.88
66;81;2.57
66;82;32.56
66;87;28.01
67;45;41.26
67;47;36.11
67;48;78.74
67;58;79.68
67;66;69.50
67;68;46.35
67;69;78.51
67;70;10.63
67;71;22.86
67;77;50.91
67;82;54.93
67;83;36.36
67;99;31.16
68;24;71.18
68;34;17.05
68;52;80.34
68;56;60.75
68;60;45.30
68;63;93.54
68;67;46.35
68;69;67.48
68;76;29.80
68;80;29.96
68;85;57.75
68;87;40.85
68;88;13.59
69;50;27.56
69;52;99.92
69;53;77.69
69;60;7.54
69;61;15.55
69;62;31.51
69;66;71.46
69;67;78.51
69;68;67.48
69;70;33.11
69;71;49.51
69;73;93.40
69;76;8.89
69;77;59.75
69;85;32.41
70;40;48.68
70;49;44.04
70;61;94.67
70;64;91.65
70;66;96.07
70;67;10.63
70;69;33.11
70;71;92.31
70;72;16.15
70;75;67.74
70;83;56.48
70;88;52.07
70;92;63.08
70;98;40.54
71;47;15.78
71;49;98.69
71;51;19.84
71;52;40.76
71;53;55.95
71;55;41.22
71;59;58.10
71;60;95.08
71;63;14.17
71;67;22.86
71;69;49.51
71;70;92.31
71;73;39.52
71;74;73.28
71;86;58.99
72;13;22.76
72;41;19.11
72;47;69.85
72;55;7.57
72;60;8.37
72;64;77.96
72;65;12.74
72;66;28.73
72;70;16.15
72;76;1.56
72;80;23.41
72;92;16.98
72;99;79.21
73;34;69.97
73;50;65.88
73;51;56.70
73;55;44.74
73;66;1.08
73;69;93.40
73;71;39.52
73;79;98.91
73;80;44.80
73;81;88.08
73;91;63.03
74;22;89.44
74;27;97.99
74;37;17.21
74;55;46.48
74;56;7.54
74;61;78.62
74;64;11.50
74;66;62.31
74;71;73.28
74;75;86.44
74;76;27.31
74;77;81.94
74;84;60.30
75;32;52.34
75;44;31.76
75;45;71.40
75;61;78.28
75;63;47.55
75;64;63.80
75;66;23.88
75;70;67.74
75;74;86.44
75;77;2.87
75;78;78.49
75;90;65.31
75;93;75.46
75;96;19.12
75;98;65.67
76;38;67.65
76;56;80.19
76;64;19.77
76;65;97.15
76;68;29.80
76;69;8.89
76;72;1.56
76;74;27.31
76;80;73.36
76;81;94.17
76;83;20.91
76;93;3.42
77;24;36.99
77;61;7.54
77;63;14.99
77;65;96.37
77;67;50.91
77;69;59.75
77;74;81.94
77;75;2.87
77;81;66.87
77;82;66.94
77;83;53.87
77;84;31.43
77;87;32.54
77;96;50.03
78;34;43.77
78;42;92.94
78;43;3.87
78;59;99.24
78;61;59.85
78;62;91.21
78;75;78.49
78;79;79.92
78;81;21.52
78;82;72.53
78;83;48.85
78;91;38.08
78;96;33.13
79;56;66.94
79;73;98.91
79;78;79.92
79;80;22.16
79;83;24.38
79;84;42.41
79;85;30.67
79;87;85.77
79;88;78.13
79;89;42.92
79;92;95.94
79;97;97.32
79;98;46.25
80;48;70.21
80;50;98.49
80;54;88.87
80;59;8.24
80;68;29.96
80;72;23.41
80;73;44.80
80;76;73.36
80;79;22.16
80;81;2.95
80;83;20.88
80;88;99.97
80;90;96.83
80;96;99.30
81;35;20.23
81;40;17.51
81;60;46.58
81;66;2.57
81;73;88.08
81;76;94.17
81;77;66.87
81;78;21.52
81;80;2.95
81;83;94.10
81;85;41.37
81;90;38.69
82;2;62.71
82;60;82.71
82;65;97.11
82;66;32.56
82;67;54.93
82;77;66.94
82;78;72.53
82;83;43.35
82;86;85.34
82;87;78.82
82;89;7.52
82;93;53.92
83;49;94.26
83;65;63.57
83;67;36.36
83;70;56.48
83;76;20.91
83;77;53.87
83;78;48.85
83;79;24.38
83;80;20.88
83;81;94.10
83;82;43.35
83;87;32.54
83;96;16.07
83;97;26.28
83;99;72.46
84;27;21.38
84;53;76.97
84;59;51.27
84;60;37.35
84;64;41.54
84;74;60.30
84;77;31.43
84;79;42.41
84;85;72.17
84;86;17.43
84;89;20.95
84;93;22.82
84;98;55.12
85;64;96.37
85;68;57.75
85;69;32.41
85;79;30.67
85;81;41.37
85;84;72.17
85;86;32.06
85;87;39.90
85;89;35.84
85;91;70.81
85;92;54.02
85;93;22.95
86;48;72.04
86;61;29.03
86;71;58.99
86;82;85.34
86;84;17.43
86;85;32.06
86;88;82.79
86;89;27.26
86;91;89.83
86;93;32.10
86;94;86.33
87;52;15.24
87;62;64.27
87;66;28.01
87;68;40.85
87;77;32.54
87;79;85.77
87;82;78.82
87;83;32.54
87;85;39.90
87;91;77.61
87;92;12.49
87;94;80.71
87;96;61.74
87;99;75.48
88;68;13.59
88;70;52.07
88;79;78.13
88;80;99.97
88;86;82.79
88;90;35.78
88;91;51.90
88;92;43.06
88;93;83.54
89;19;17.98
89;47;51.16
89;52;31.49
89;54;4.16
89;79;42.92
89;82;7.52
89;84;20.95
89;85;35.84
89;86;27.26
89;91;42.56
89;92;8.65
89;97;78.87
90;64;53.69
90;75;65.31
90;80;96.83
90;81;38.69
90;88;35.78
90;91;96.26
90;92;31.40
90;94;18.99
90;96;76.37
90;98;44.03
90;99;22.56
91;73;63.03
91;78;38.08
91;85;70.81
91;86;89.83
91;87;77.61
91;88;51.90
91;89;42.56
91;90;96.26
91;92;97.45
91;94;65.85
92;55;82.13
92;61;99.13
92;70;63.08
92;72;16.98
92;79;95.94
92;85;54.02
92;87;12.49
92;88;43.06
92;89;8.65
92;90;31.40
92;91;97.45
92;97;10.21
92;98;38.65
93;35;40.63
93;75;75.46
93;76;3.42
93;82;53.92
93;84;22.82
93;85;22.95
93;86;32.10
93;88;83.54
93;95;24.22
93;99;29.03
94;55;25.21
94;86;86.33
94;87;80.71
94;90;18.99
94;91;65.85
94;95;17.55
94;97;75.09
94;99;21.83
95;54;6.08
95;93;24.22
95;94;17.55
95;97;67.62
95;99;16.71
96;18;67.17
96;64;55.27
96;75;19.12
96;77;50.03
96;78;33.13
96;80;99.30
96;83;16.07
96;87;61.74
96;90;76.37
96;97;39.16
97;79;97.32
97;83;26.28
97;89;78.87
97;92;10.21
97;94;75.09
97;95;67.62
97;96;39.16
97;99;44.65
98;70;40.54
98;75;65.67
98;79;46.25
98;84;55.12
98;90;44.03
98;92;38.65
98;99;99.57
99;67;31.16
99;72;79.21
99;83;72.46
99;87;75.48
99;90;22.56
99;93;29.03
99;94;21.83
99;95;16.71
99;97;44.65
99;98;99.57
