source;target;label
0;1;65.59
0;2;88.71
0;3;14.62
0;4;21.41
0;9;24.09
1;0;65.59
1;2;17.29
1;3;73.01
1;4;26.77
1;6;40.68
2;0;88.71
2;1;17.29
2;3;82.02
2;4;8.39
2;12;63.14
3;0;14.62
3;1;73.01
3;2;82.02
3;4;56.77
3;5;91.16
4;0;21.41
4;1;26.77
4;2;8.39
4;3;56.77
4;8;52.37
5;3;91.16
5;6;78.31
5;7;40.86
5;11;17.14
5;12;83.07
6;1;40.68
6;5;78.31
6;7;73.65
6;16;55.33
6;19;24.29
7;5;40.86
7;6;73.65
7;8;45.82
7;9;8.28
7;12;8.94
8;4;52.37
8;7;45.82
8;9;6.66
8;13;94.74
8;15;93.15
9;0;24.09
9;7;8.28
9;8;6.66
9;10;28.56
9;12;60.14
10;9;28.56
10;11;15.79
10;15;32.79
10;16;46.56
10;24;50.01
11;5;17.14
11;10;15.79
11;12;53.12
11;13;46.70
11;19;26.02
12;2;63.14
12;5;83.07
12;7;8.94
12;9;60.14
12;11;53.12
13;8;94.74
13;11;46.70
13;15;18.57
13;16;99.69
13;19;13.51
14;15;64.38
14;16;31.84
14;17;66.48
14;18;44.52
14;23;29.16
15;8;93.15
15;10;32.79
15;13;18.57
15;14;64.38
15;20;38.84
16;6;55.33
16;10;46.56
16;13;99.69
16;14;31.84
16;30;25.23
17;14;66.48
17;18;23.36
17;19;48.06
17;21;66.91
17;25;29.72
18;14;44.52
18;17;23.36
18;24;70.27
18;25;59.26
18;27;21.06
19;6;24.29
19;11;26.02
19;13;13.51
19;17;48.06
19;20;1.15
20;15;38.84
20;19;1.15
20;22;34.62
20;24;71.33
20;40;22.92
21;17;66.91
21;23;30.63
21;25;92.48
21;26;67.37
21;38;67.17
22;20;34.62
22;23;19.00
22;24;66.22
22;25;21.36
22;28;36.71
23;14;29.16
23;21;30.63
23;22;19.00
23;25;81.46
23;31;86.96
24;10;50.01
24;18;70.27
24;20;71.33
24;22;66.22
24;30;53.53
25;17;29.72
25;18;59.26
25;21;92.48
25;22;21.36
25;23;81.46
26;21;67.37
26;28;55.31
26;32;31.78
26;33;8.79
26;35;10.39
27;18;21.06
27;28;63.36
27;31;13.01
27;32;47.09
27;42;42.35
28;22;36.71
28;26;55.31
28;27;63.36
28;31;43.54
28;39;32.14
29;30;1.94
29;31;69.96
29;32;71.77
29;33;60.83
29;34;50.82
30;16;25.23
30;24;53.53
30;29;1.94
30;36;24.45
30;51;99.30
31;23;86.96
31;27;13.01
31;28;43.54
31;29;69.96
31;33;93.97
32;26;31.78
32;27;47.09
32;29;71.77
32;36;2.75
32;38;21.61
33;26;8.79
33;29;60.83
33;31;93.97
33;37;9.47
33;41;41.37
34;29;50.82
34;37;7.41
34;40;60.31
34;41;29.12
34;44;37.37
35;26;10.39
35;36;87.45
35;37;89.11
35;39;56.92
35;41;23.21
36;30;24.45
36;32;2.75
36;35;87.45
36;39;75.99
36;45;88.35
37;33;9.47
37;34;7.41
37;35;89.11
37;39;56.75
37;45;78.89
38;21;67.17
38;32;21.61
38;40;19.67
38;43;98.50
38;52;81.20
39;28;32.14
39;35;56.92
39;36;75.99
39;37;56.75
39;40;98.84
40;20;22.92
40;34;60.31
40;38;19.67
40;39;98.84
40;49;43.24
41;33;41.37
41;34;29.12
41;35;23.21
41;44;24.46
41;46;32.18
42;27;42.35
42;45;42.62
42;48;59.71
42;50;41.48
42;59;10.46
43;38;98.50
43;44;58.74
43;45;53.50
43;49;60.27
43;62;76.96
44;34;37.37
44;41;24.46
44;43;58.74
44;45;59.63
44;58;40.29
45;36;88.35
45;37;78.89
45;42;42.62
45;43;53.50
45;44;59.63
46;41;32.18
46;47;40.52
46;48;6.27
46;50;13.10
46;56;33.61
47;46;40.52
47;48;59.12
47;49;67.78
47;50;95.23
47;63;89.33
48;42;59.71
48;46;6.27
48;47;59.12
48;56;61.94
48;64;99.56
49;40;43.24
49;43;60.27
49;47;67.78
49;59;23.20
49;61;44.43
50;42;41.48
50;46;13.10
50;47;95.23
50;51;28.81
50;54;40.44
51;30;99.30
51;50;28.81
51;52;20.49
51;56;11.72
51;60;33.08
52;38;81.20
52;51;20.49
52;53;94.87
52;54;93.38
52;59;99.72
53;52;94.87
53;54;62.22
53;55;54.67
53;56;20.95
53;65;58.84
54;50;40.44
54;52;93.38
54;53;62.22
54;63;11.42
54;67;3.10
55;53;54.67
55;56;76.74
55;59;50.02
55;60;50.06
55;63;61.76
56;46;33.61
56;48;61.94
56;51;11.72
56;53;20.95
56;55;76.74
57;58;65.28
57;60;76.88
57;62;65.11
57;63;55.18
57;64;5.92
58;44;40.29
58;57;65.28
58;61;51.65
58;64;44.34
58;75;64.63
59;42;10.46
59;49;23.20
59;52;99.72
59;55;50.02
59;69;16.26
60;51;33.08
60;55;50.06
60;57;76.88
60;62;21.58
60;72;14.60
61;49;44.43
61;58;51.65
61;64;55.40
61;67;85.46
61;79;92.19
62;43;76.96
62;57;65.11
62;60;21.58
62;63;70.94
62;66;75.48
63;47;89.33
63;54;11.42
63;55;61.76
63;57;55.18
63;62;70.94
64;48;99.56
64;57;5.92
64;58;44.34
64;61;55.40
64;72;65.98
65;53;58.84
65;66;3.91
65;68;95.59
65;69;4.92
65;71;1.89
66;62;75.48
66;65;3.91
66;67;11.54
66;69;18.31
66;77;16.60
67;54;3.10
67;61;85.46
67;66;11.54
67;68;83.80
67;73;94.84
68;65;95.59
68;67;83.80
68;73;40.26
68;74;72.93
68;75;91.70
69;59;16.26
69;65;4.92
69;66;18.31
69;72;35.43
69;73;52.98
70;71;73.88
70;72;98.66
70;77;93.01
70;78;7.35
70;79;56.05
71;65;1.89
71;70;73.88
71;72;85.36
71;77;16.47
71;79;99.37
72;60;14.60
72;64;65.98
72;69;35.43
72;70;98.66
72;71;85.36
73;67;94.84
73;68;40.26
73;69;52.98
73;74;72.56
73;75;89.75
74;68;72.93
74;73;72.56
74;75;22.85
74;77;30.22
74;83;3.49
75;58;64.63
75;68;91.70
75;73;89.75
75;74;22.85
75;78;96.99
76;77;42.69
76;79;17.90
76;80;86.73
76;82;82.15
76;86;73.93
77;66;16.60
77;70;93.01
77;71;16.47
77;74;30.22
77;76;42.69
78;70;7.35
78;75;96.99
78;79;69.53
78;84;68.49
78;97;63.42
79;61;92.19
79;70;56.05
79;71;99.37
79;76;17.90
79;78;69.53
80;76;86.73
80;81;56.35
80;82;22.57
80;83;48.45
80;90;71.22
81;80;56.35
81;82;39.27
81;84;14.12
81;85;55.88
81;91;98.33
82;76;82.15
82;80;22.57
82;81;39.27
82;84;98.54
82;87;67.78
83;74;3.49
83;80;48.45
83;84;21.93
83;87;75.36
83;90;74.59
84;78;68.49
84;81;14.12
84;82;98.54
84;83;21.93
84;89;26.70
85;81;55.88
85;87;9.14
85;88;14.82
85;90;12.85
85;92;37.24
86;76;73.93
86;87;10.14
86;89;92.70
86;90;3.87
86;94;41.84
87;82;67.78
87;83;75.36
87;85;9.14
87;86;10.14
87;91;68.70
88;85;14.82
88;89;43.93
88;92;94.42
88;96;75.51
88;99;29.83
89;84;26.70
89;86;92.70
89;88;43.93
89;90;21.18
89;95;23.28
90;80;71.22
90;83;74.59
90;85;12.85
90;86;3.87
90;89;21.18
91;81;98.33
91;87;68.70
91;94;34.69
91;99;20.44
91;102;78.49
92;85;37.24
92;88;94.42
92;93;48.44
92;95;83.35
92;100;62.20
93;92;48.44
93;96;40.74
93;98;49.75
93;99;9.83
93;106;25.41
94;86;41.84
94;91;34.69
94;95;14.43
94;97;63.44
94;98;41.77
95;89;23.28
95;92;83.35
95;94;14.43
95;97;97.29
95;107;70.10
96;88;75.51
96;93;40.74
96;97;16.13
96;98;36.39
96;99;30.30
97;78;63.42
97;94;63.44
97;95;97.29
97;96;16.13
97;110;20.32
98;93;49.75
98;94;41.77
98;96;36.39
98;100;95.60
98;102;13.16
99;88;29.83
99;91;20.44
99;93;9.83
99;96;30.30
99;101;79.99
100;92;62.20
100;98;95.60
100;101;63.18
100;103;50.69
100;107;68.01
101;99;79.99
101;100;63.18
101;102;99.99
101;105;92.23
101;106;1.50
102;91;78.49
102;98;13.16
102;101;99.99
102;103;19.95
102;104;22.27
103;100;50.69
103;102;19.95
103;104;89.26
103;106;28.70
103;109;21.23
104;102;22.27
104;103;89.26
104;106;19.48
104;107;100.00
104;111;40.87
105;101;92.23
105;106;63.02
105;108;14.09
105;114;42.90
105;116;25.86
106;93;25.41
106;101;1.50
106;103;28.70
106;104;19.48
106;105;63.02
107;95;70.10
107;100;68.01
107;104;100.00
107;108;61.16
107;110;62.66
108;105;14.09
108;107;61.16
108;110;45.12
108;111;7.10
108;117;35.38
109;103;21.23
109;110;29.84
109;114;57.77
109;115;20.26
109;116;95.19
110;97;20.32
110;107;62.66
110;108;45.12
110;109;29.84
110;112;27.70
111;104;40.87
111;108;7.10
111;112;12.99
111;114;15.49
111;119;30.55
112;110;27.70
112;111;12.99
112;113;38.87
112;114;99.24
112;116;11.97
113;112;38.87
113;114;51.61
113;118;48.62
113;119;63.20
113;131;46.61
114;105;42.90
114;109;57.77
114;111;15.49
114;112;99.24
114;113;51.61
115;109;20.26
115;116;7.19
115;117;64.23
115;118;77.30
115;120;25.52
116;105;25.86
116;109;95.19
116;112;11.97
116;115;7.19
116;119;30.84
117;108;35.38
117;115;64.23
117;119;98.12
117;129;15.54
117;134;57.78
118;113;48.62
118;115;77.30
118;125;36.15
118;126;9.99
118;145;60.34
119;111;30.55
119;113;63.20
119;116;30.84
119;117;98.12
119;126;74.74
120;115;25.52
120;121;26.44
120;122;24.90
120;124;17.70
120;127;40.33
121;120;26.44
121;122;54.11
121;124;37.81
121;125;63.13
121;128;5.37
122;120;24.90
122;121;54.11
122;123;5.58
122;127;33.99
122;128;74.39
123;122;5.58
123;124;50.47
123;126;61.70
123;127;78.42
123;129;55.70
124;120;17.70
124;121;37.81
124;123;50.47
124;125;36.91
124;130;51.99
125;118;36.15
125;121;63.13
125;124;36.91
125;126;83.13
125;128;27.36
126;118;9.99
126;119;74.74
126;123;61.70
126;125;83.13
126;129;32.82
127;120;40.33
127;122;33.99
127;123;78.42
127;130;30.26
127;132;23.86
128;121;5.37
128;122;74.39
128;125;27.36
128;130;29.74
128;132;74.72
129;117;15.54
129;123;55.70
129;126;32.82
129;132;72.31
129;136;66.21
130;124;51.99
130;127;30.26
130;128;29.74
130;131;82.46
130;132;67.25
131;113;46.61
131;130;82.46
131;133;75.44
131;136;95.52
131;141;26.77
132;127;23.86
132;128;74.72
132;129;72.31
132;130;67.25
132;146;15.15
133;131;75.44
133;134;68.96
133;136;53.15
133;141;55.23
133;143;17.26
134;117;57.78
134;133;68.96
134;135;57.34
134;136;90.56
134;142;17.13
135;134;57.34
135;136;75.73
135;138;25.98
135;139;59.91
135;142;89.64
136;129;66.21
136;131;95.52
136;133;53.15
136;134;90.56
136;135;75.73
137;138;78.83
137;139;34.76
137;140;51.71
137;142;51.96
137;156;75.97
138;135;25.98
138;137;78.83
138;139;78.18
138;140;37.16
138;153;87.20
139;135;59.91
139;137;34.76
139;138;78.18
139;141;87.24
139;147;2.70
140;137;51.71
140;138;37.16
140;141;13.03
140;143;7.54
140;145;94.66
141;131;26.77
141;133;55.23
141;139;87.24
141;140;13.03
141;158;98.70
142;134;17.13
142;135;89.64
142;137;51.96
142;143;90.00
142;148;81.71
143;133;17.26
143;140;7.54
143;142;90.00
143;145;93.95
143;149;47.93
144;145;71.87
144;146;21.59
144;155;42.99
144;160;37.42
144;164;52.20
145;118;60.34
145;140;94.66
145;143;93.95
145;144;71.87
145;154;8.14
146;132;15.15
146;144;21.59
146;147;36.13
146;148;99.64
146;149;72.58
147;139;2.70
147;146;36.13
147;150;14.49
147;160;24.42
147;163;40.34
148;142;81.71
148;146;99.64
148;151;97.24
148;159;99.84
148;166;81.21
149;143;47.93
149;146;72.58
149;151;2.30
149;155;40.76
149;167;78.68
150;147;14.49
150;151;9.72
150;152;1.22
150;153;64.75
150;164;67.62
151;148;97.24
151;149;2.30
151;150;9.72
151;152;91.45
151;161;22.07
152;150;1.22
152;151;91.45
152;158;24.46
152;160;73.57
152;163;46.40
153;138;87.20
153;150;64.75
153;154;23.58
153;158;48.24
153;161;68.48
154;145;8.14
154;153;23.58
154;155;32.74
154;156;93.60
154;157;13.14
155;144;42.99
155;149;40.76
155;154;32.74
155;159;50.22
155;164;52.27
156;137;75.97
156;154;93.60
156;157;54.73
156;160;73.06
156;174;6.59
157;154;13.14
157;156;54.73
157;158;19.35
157;159;78.38
157;164;68.99
158;141;98.70
158;152;24.46
158;153;48.24
158;157;19.35
158;160;36.35
159;148;99.84
159;155;50.22
159;157;78.38
159;161;87.35
159;168;19.37
160;144;37.42
160;147;24.42
160;152;73.57
160;156;73.06
160;158;36.35
161;151;22.07
161;153;68.48
161;159;87.35
161;164;54.62
161;166;95.58
162;163;6.36
162;165;67.16
162;166;96.73
162;172;52.56
162;175;74.63
163;147;40.34
163;152;46.40
163;162;6.36
163;165;74.26
163;166;33.36
164;144;52.20
164;150;67.62
164;155;52.27
164;157;68.99
164;161;54.62
165;162;67.16
165;163;74.26
165;166;11.88
165;167;91.93
165;170;91.64
166;148;81.21
166;161;95.58
166;162;96.73
166;163;33.36
166;165;11.88
167;149;78.68
167;165;91.93
167;168;42.66
167;170;42.38
167;179;78.99
168;159;19.37
168;167;42.66
168;169;78.32
168;170;61.88
168;180;23.58
169;168;78.32
169;170;74.97
169;173;13.20
169;178;4.26
169;184;45.46
170;165;91.64
170;167;42.38
170;168;61.88
170;169;74.97
170;171;5.18
171;170;5.18
171;172;28.19
171;175;17.73
171;177;29.26
171;178;99.68
172;162;52.56
172;171;28.19
172;173;19.07
172;176;52.58
172;178;8.62
173;169;13.20
173;172;19.07
173;175;26.21
173;179;52.29
173;185;81.47
174;156;6.59
174;175;35.42
174;176;89.18
174;177;37.66
174;179;45.83
175;162;74.63
175;171;17.73
175;173;26.21
175;174;35.42
175;179;88.64
176;172;52.58
176;174;89.18
176;177;51.05
176;178;59.92
176;183;54.60
177;171;29.26
177;174;37.66
177;176;51.05
177;180;5.44
177;185;97.09
178;169;4.26
178;171;99.68
178;172;8.62
178;176;59.92
178;185;54.41
179;167;78.99
179;173;52.29
179;174;45.83
179;175;88.64
179;185;66.73
180;168;23.58
180;177;5.44
180;181;44.00
180;182;82.43
180;183;86.38
181;180;44.00
181;183;57.42
181;184;95.27
181;189;40.43
181;194;26.20
182;180;82.43
182;183;64.08
182;187;99.68
182;189;70.30
182;190;72.22
183;176;54.60
183;180;86.38
183;181;57.42
183;182;64.08
183;200;42.26
184;169;45.46
184;181;95.27
184;189;96.60
184;190;78.58
184;196;14.87
185;173;81.47
185;177;97.09
185;178;54.41
185;179;66.73
185;190;87.51
186;187;90.30
186;188;93.33
186;190;72.59
186;192;33.97
186;193;50.61
187;182;99.68
187;186;90.30
187;188;16.52
187;189;84.12
187;191;67.55
188;186;93.33
188;187;16.52
188;191;86.92
188;193;93.97
188;198;72.82
189;181;40.43
189;182;70.30
189;184;96.60
189;187;84.12
189;192;2.10
190;182;72.22
190;184;78.58
190;185;87.51
190;186;72.59
190;192;92.28
191;187;67.55
191;188;86.92
191;193;95.71
191;194;3.14
191;202;97.45
192;186;33.97
192;189;2.10
192;190;92.28
192;194;87.99
192;195;63.55
193;186;50.61
193;188;93.97
193;191;95.71
193;196;42.71
193;205;75.28
194;181;26.20
194;191;3.14
194;192;87.99
194;195;98.23
194;196;41.55
195;192;63.55
195;194;98.23
195;196;11.07
195;197;60.92
195;198;45.23
196;184;14.87
196;193;42.71
196;194;41.55
196;195;11.07
196;198;87.52
197;195;60.92
197;198;79.28
197;200;59.12
197;204;16.72
197;209;52.24
198;188;72.82
198;195;45.23
198;196;87.52
198;197;79.28
198;202;98.48
199;200;80.51
199;202;29.38
199;204;90.14
199;205;86.52
199;210;21.50
200;183;42.26
200;197;59.12
200;199;80.51
200;202;37.65
200;203;80.88
201;202;99.48
201;203;42.44
201;204;7.22
201;208;64.38
201;217;9.27
202;191;97.45
202;198;98.48
202;199;29.38
202;200;37.65
202;201;99.48
203;200;80.88
203;201;42.44
203;204;62.92
203;208;35.89
203;219;37.22
204;197;16.72
204;199;90.14
204;201;7.22
204;203;62.92
204;216;87.47
205;193;75.28
205;199;86.52
205;208;32.28
205;209;82.68
205;218;9.16
206;207;90.49
206;208;56.01
206;210;52.67
206;211;76.36
206;214;42.66
207;206;90.49
207;208;18.83
207;212;57.44
207;215;9.90
207;216;76.58
208;201;64.38
208;203;35.89
208;205;32.28
208;206;56.01
208;207;18.83
209;197;52.24
209;205;82.68
209;210;70.56
209;213;59.33
209;221;16.10
210;199;21.50
210;206;52.67
210;209;70.56
210;213;23.12
210;214;59.01
211;206;76.36
211;212;79.35
211;213;59.60
211;214;32.64
211;215;61.88
212;207;57.44
212;211;79.35
212;214;87.63
212;216;90.10
212;217;23.50
213;209;59.33
213;210;23.12
213;211;59.60
213;223;20.40
213;224;46.57
214;206;42.66
214;210;59.01
214;211;32.64
214;212;87.63
214;235;73.89
215;207;9.90
215;211;61.88
215;217;98.88
215;218;78.69
215;219;68.04
216;204;87.47
216;207;76.58
216;212;90.10
216;217;70.63
216;219;62.30
217;201;9.27
217;212;23.50
217;215;98.88
217;216;70.63
217;220;15.36
218;205;9.16
218;215;78.69
218;219;86.64
218;220;87.93
218;222;91.83
219;203;37.22
219;215;68.04
219;216;62.30
219;218;86.64
219;222;74.93
220;217;15.36
220;218;87.93
220;221;43.53
220;222;2.19
220;228;14.84
221;209;16.10
221;220;43.53
221;222;26.21
221;224;38.54
221;226;65.08
222;218;91.83
222;219;74.93
222;220;2.19
222;221;26.21
222;225;79.63
223;213;20.40
223;224;37.13
223;225;29.41
223;226;29.88
223;229;3.80
224;213;46.57
224;221;38.54
224;223;37.13
224;225;8.14
224;227;65.63
225;222;79.63
225;223;29.41
225;224;8.14
225;227;60.51
225;229;23.76
226;221;65.08
226;223;29.88
226;228;3.26
226;229;32.08
226;230;16.84
227;224;65.63
227;225;60.51
227;228;50.52
227;230;10.68
227;234;39.87
228;220;14.84
228;226;3.26
228;227;50.52
228;231;23.46
228;232;25.88
229;223;3.80
229;225;23.76
229;226;32.08
229;232;17.27
229;238;1.75
230;226;16.84
230;227;10.68
230;231;53.29
230;234;34.01
230;235;16.63
231;228;23.46
231;230;53.29
231;232;42.94
231;234;66.21
231;237;25.23
232;228;25.88
232;229;17.27
232;231;42.94
232;233;23.88
232;240;54.42
233;232;23.88
233;235;82.89
233;237;17.03
233;239;76.47
233;251;60.92
234;227;39.87
234;230;34.01
234;231;66.21
234;237;98.72
234;238;59.31
235;214;73.89
235;230;16.63
235;233;82.89
235;241;60.20
235;242;91.30
236;237;63.65
236;238;77.55
236;242;42.17
236;250;29.23
236;257;45.24
237;231;25.23
237;233;17.03
237;234;98.72
237;236;63.65
237;239;64.16
238;229;1.75
238;234;59.31
238;236;77.55
238;239;95.10
238;240;89.08
239;233;76.47
239;237;64.16
239;238;95.10
239;240;66.52
239;247;30.12
240;232;54.42
240;238;89.08
240;239;66.52
240;242;80.19
240;258;34.75
241;235;60.20
241;242;29.45
241;243;43.50
241;246;33.56
241;247;32.24
242;235;91.30
242;236;42.17
242;240;80.19
242;241;29.45
242;245;94.98
243;241;43.50
243;244;74.57
243;245;9.18
243;246;53.71
243;253;66.15
244;243;74.57
244;245;52.88
244;247;58.76
244;252;56.88
244;265;18.36
245;242;94.98
245;243;9.18
245;244;52.88
245;246;43.34
245;253;43.22
246;241;33.56
246;243;53.71
246;245;43.34
246;249;67.78
246;254;19.55
247;239;30.12
247;241;32.24
247;244;58.76
247;248;60.36
247;252;23.70
248;247;60.36
248;249;79.44
248;251;31.69
248;253;42.37
248;256;60.42
249;246;67.78
249;248;79.44
249;250;29.21
249;258;93.52
249;259;14.91
250;236;29.23
250;249;29.21
250;251;75.00
250;252;96.31
250;254;60.48
251;233;60.92
251;248;31.69
251;250;75.00
251;252;24.55
251;253;64.55
252;244;56.88
252;247;23.70
252;250;96.31
252;251;24.55
252;255;3.81
253;243;66.15
253;245;43.22
253;248;42.37
253;251;64.55
253;255;99.98
254;246;19.55
254;250;60.48
254;255;37.45
254;256;86.14
254;258;42.58
255;252;3.81
255;253;99.98
255;254;37.45
255;259;22.09
255;266;60.46
256;248;60.42
256;254;86.14
256;257;39.70
256;258;45.26
256;259;57.62
257;236;45.24
257;256;39.70
257;259;86.05
257;260;17.80
257;261;32.40
258;240;34.75
258;249;93.52
258;254;42.58
258;256;45.26
258;263;19.73
259;249;14.91
259;255;22.09
259;256;57.62
259;257;86.05
259;267;27.76
260;257;17.80
260;262;70.39
260;263;38.03
260;266;95.26
260;267;79.16
261;257;32.40
261;262;83.96
261;263;64.26
261;266;60.51
261;279;47.81
262;260;70.39
262;261;83.96
262;263;29.17
262;264;2.81
262;265;20.46
263;258;19.73
263;260;38.03
263;261;64.26
263;262;29.17
263;266;62.88
264;262;2.81
264;265;85.22
264;268;96.13
264;273;98.28
264;279;61.53
265;244;18.36
265;262;20.46
265;264;85.22
265;267;91.70
265;277;63.32
266;255;60.46
266;260;95.26
266;261;60.51
266;263;62.88
266;269;28.73
267;259;27.76
267;260;79.16
267;265;91.70
267;269;39.41
267;272;3.18
268;264;96.13
268;269;29.36
268;270;60.40
268;272;20.21
268;276;60.47
269;266;28.73
269;267;39.41
269;268;29.36
269;271;61.67
269;272;27.06
270;268;60.40
270;271;97.55
270;273;27.88
270;274;61.94
270;282;11.25
271;269;61.67
271;270;97.55
271;272;69.24
271;273;79.08
271;275;77.88
272;267;3.18
272;268;20.21
272;269;27.06
272;271;69.24
272;275;75.98
273;264;98.28
273;270;27.88
273;271;79.08
273;274;78.50
273;276;88.71
274;270;61.94
274;273;78.50
274;277;40.95
274;280;16.18
274;283;32.39
275;271;77.88
275;272;75.98
275;278;4.19
275;279;73.50
275;285;78.52
276;268;60.47
276;273;88.71
276;278;63.32
276;279;30.93
276;280;56.29
277;265;63.32
277;274;40.95
277;278;11.89
277;288;26.69
277;289;4.64
278;275;4.19
278;276;63.32
278;277;11.89
278;280;3.86
278;282;14.06
279;261;47.81
279;264;61.53
279;275;73.50
279;276;30.93
279;283;22.12
280;274;16.18
280;276;56.29
280;278;3.86
280;281;73.76
280;288;89.38
281;280;73.76
281;282;10.68
281;283;13.70
281;286;41.46
281;298;90.39
282;270;11.25
282;278;14.06
282;281;10.68
282;283;91.38
282;285;17.50
283;274;32.39
283;279;22.12
283;281;13.70
283;282;91.38
283;287;69.28
284;285;85.16
284;286;4.49
284;287;96.85
284;288;76.60
284;290;58.04
285;275;78.52
285;282;17.50
285;284;85.16
285;286;19.18
285;295;66.04
286;281;41.46
286;284;4.49
286;285;19.18
286;287;84.84
286;297;50.02
287;283;69.28
287;284;96.85
287;286;84.84
287;288;51.22
287;293;87.06
288;277;26.69
288;280;89.38
288;284;76.60
288;287;51.22
288;293;77.48
289;277;4.64
289;290;87.99
289;291;24.02
289;292;79.11
289;293;47.23
290;284;58.04
290;289;87.99
290;291;36.92
290;297;65.48
290;300;46.99
291;289;24.02
291;290;36.92
291;294;72.10
291;295;69.14
291;308;21.54
292;289;79.11
292;295;63.07
292;298;56.57
292;299;52.64
292;300;94.23
293;287;87.06
293;288;77.48
293;289;47.23
293;294;27.95
293;296;97.10
294;291;72.10
294;293;27.95
294;295;64.63
294;296;13.98
294;306;82.11
295;285;66.04
295;291;69.14
295;292;63.07
295;294;64.63
295;309;82.01
296;293;97.10
296;294;13.98
296;298;11.68
296;301;16.81
296;305;16.80
297;286;50.02
297;290;65.48
297;298;59.18
297;299;40.34
297;300;85.95
298;281;90.39
298;292;56.57
298;296;11.68
298;297;59.18
298;306;17.74
299;292;52.64
299;297;40.34
299;300;24.36
299;301;38.30
299;305;11.57
300;290;46.99
300;292;94.23
300;297;85.95
300;299;24.36
300;305;34.23
301;296;16.81
301;299;38.30
301;302;77.06
301;303;49.98
301;305;38.99
302;301;77.06
302;304;11.05
302;306;65.32
302;307;85.71
302;308;80.24
303;301;49.98
303;306;89.35
303;307;30.50
303;312;3.50
303;321;54.30
304;302;11.05
304;305;1.16
304;306;47.19
304;311;62.17
304;312;12.94
305;296;16.80
305;299;11.57
305;300;34.23
305;301;38.99
305;304;1.16
306;294;82.11
306;298;17.74
306;302;65.32
306;303;89.35
306;304;47.19
307;302;85.71
307;303;30.50
307;308;30.66
307;309;3.47
307;311;49.50
308;291;21.54
308;302;80.24
308;307;30.66
308;310;12.85
308;311;61.94
309;295;82.01
309;307;3.47
309;310;65.42
309;313;58.88
309;318;66.95
310;308;12.85
310;309;65.42
310;311;55.30
310;312;55.13
310;319;47.07
311;304;62.17
311;307;49.50
311;308;61.94
311;310;55.30
311;324;7.94
312;303;3.50
312;304;12.94
312;310;55.13
312;313;77.44
312;314;64.66
313;309;58.88
313;312;77.44
313;316;45.95
313;318;80.96
313;321;7.07
314;312;64.66
314;315;78.44
314;317;34.12
314;318;87.60
314;326;96.59
315;314;78.44
315;316;48.62
315;317;94.22
315;322;98.88
315;329;60.46
316;313;45.95
316;315;48.62
316;319;31.51
316;324;62.43
316;335;53.05
317;314;34.12
317;315;94.22
317;318;24.63
317;319;91.05
317;325;94.27
318;309;66.95
318;313;80.96
318;314;87.60
318;317;24.63
318;319;56.37
319;310;47.07
319;316;31.51
319;317;91.05
319;318;56.37
319;320;34.92
320;319;34.92
320;321;60.24
320;322;5.49
320;323;94.77
320;343;48.09
321;303;54.30
321;313;7.07
321;320;60.24
321;324;51.39
321;329;30.50
322;315;98.88
322;320;5.49
322;325;95.17
322;328;62.71
322;336;38.41
323;320;94.77
323;325;23.17
323;326;46.70
323;327;69.95
323;331;15.90
324;311;7.94
324;316;62.43
324;321;51.39
324;325;7.90
324;330;69.95
325;317;94.27
325;322;95.17
325;323;23.17
325;324;7.90
325;328;32.17
326;314;96.59
326;323;46.70
326;330;34.75
326;331;63.95
326;333;39.00
327;323;69.95
327;328;36.37
327;330;93.72
327;335;58.82
327;340;47.41
328;322;62.71
328;325;32.17
328;327;36.37
328;331;75.61
328;338;75.35
329;315;60.46
329;321;30.50
329;333;58.39
329;334;41.89
329;336;63.52
330;324;69.95
330;326;34.75
330;327;93.72
330;331;97.05
330;335;24.17
331;323;15.90
331;326;63.95
331;328;75.61
331;330;97.05
331;338;7.59
332;333;27.57
332;334;49.50
332;335;79.63
332;336;86.59
332;340;33.12
333;326;39.00
333;329;58.39
333;332;27.57
333;334;27.71
333;345;13.62
334;329;41.89
334;332;49.50
334;333;27.71
334;335;94.04
334;342;9.90
335;316;53.05
335;327;58.82
335;330;24.17
335;332;79.63
335;334;94.04
336;322;38.41
336;329;63.52
336;332;86.59
336;337;82.55
336;338;29.99
337;336;82.55
337;338;38.03
337;339;94.93
337;343;61.86
337;346;75.96
338;328;75.35
338;331;7.59
338;336;29.99
338;337;38.03
338;350;46.61
339;337;94.93
339;340;54.94
339;341;41.25
339;342;38.03
339;344;61.76
340;327;47.41
340;332;33.12
340;339;54.94
340;344;73.22
340;350;3.69
341;339;41.25
341;342;3.82
341;344;84.79
341;345;19.51
341;356;4.60
342;334;9.90
342;339;38.03
342;341;3.82
342;345;73.46
342;355;54.53
343;320;48.09
343;337;61.86
343;345;30.01
343;347;67.67
343;352;27.82
344;339;61.76
344;340;73.22
344;341;84.79
344;345;68.98
344;353;60.65
345;333;13.62
345;341;19.51
345;342;73.46
345;343;30.01
345;344;68.98
346;337;75.96
346;348;30.37
346;349;3.04
346;353;12.20
346;360;55.42
347;343;67.67
347;348;82.70
347;349;55.08
347;352;23.40
347;354;44.12
348;346;30.37
348;347;82.70
348;349;88.50
348;353;55.92
348;364;85.30
349;346;3.04
349;347;55.08
349;348;88.50
349;355;18.64
349;357;5.62
350;338;46.61
350;340;3.69
350;355;4.33
350;356;97.77
350;358;54.45
351;352;5.90
351;353;21.26
351;354;37.65
351;355;50.15
351;356;9.96
352;343;27.82
352;347;23.40
352;351;5.90
352;354;97.61
352;361;61.56
353;344;60.65
353;346;12.20
353;348;55.92
353;351;21.26
353;359;94.26
354;347;44.12
354;351;37.65
354;352;97.61
354;355;31.48
354;366;59.03
355;342;54.53
355;349;18.64
355;350;4.33
355;351;50.15
355;354;31.48
356;341;4.60
356;350;97.77
356;351;9.96
356;358;15.31
356;363;12.70
357;349;5.62
357;358;81.29
357;360;18.09
357;361;22.10
357;378;67.47
358;350;54.45
358;356;15.31
358;357;81.29
358;361;18.96
358;363;17.41
359;353;94.26
359;362;24.29
359;363;88.01
359;366;53.27
359;367;50.36
360;346;55.42
360;357;18.09
360;361;61.52
360;362;28.22
360;369;52.24
361;352;61.56
361;357;22.10
361;358;18.96
361;360;61.52
361;362;74.51
362;359;24.29
362;360;28.22
362;361;74.51
362;363;37.11
362;371;17.53
363;356;12.70
363;358;17.41
363;359;88.01
363;362;37.11
363;369;93.43
364;348;85.30
364;366;94.34
364;367;42.51
364;368;96.46
364;369;66.31
365;366;81.56
365;367;23.25
365;368;21.08
365;369;71.94
365;373;32.69
366;354;59.03
366;359;53.27
366;364;94.34
366;365;81.56
366;367;92.70
367;359;50.36
367;364;42.51
367;365;23.25
367;366;92.70
367;370;82.55
368;364;96.46
368;365;21.08
368;369;73.31
368;370;99.15
368;389;18.04
369;360;52.24
369;363;93.43
369;364;66.31
369;365;71.94
369;368;73.31
370;367;82.55
370;368;99.15
370;371;39.13
370;372;38.54
370;376;49.11
371;362;17.53
371;370;39.13
371;372;91.60
371;373;76.03
371;376;31.75
372;370;38.54
372;371;91.60
372;373;46.29
372;374;31.00
372;386;1.76
373;365;32.69
373;371;76.03
373;372;46.29
373;375;98.37
373;378;50.89
374;372;31.00
374;375;2.20
374;376;69.44
374;378;23.89
374;386;23.84
375;373;98.37
375;374;2.20
375;377;38.67
375;378;69.85
375;380;19.89
376;370;49.11
376;371;31.75
376;374;69.44
376;377;6.14
376;388;98.72
377;375;38.67
377;376;6.14
377;378;22.35
377;379;82.05
377;382;55.60
378;357;67.47
378;373;50.89
378;374;23.89
378;375;69.85
378;377;22.35
379;377;82.05
379;380;77.43
379;381;77.03
379;382;25.81
379;383;95.19
380;375;19.89
380;379;77.43
380;383;60.84
380;384;92.88
380;390;57.66
381;379;77.03
381;382;54.81
381;383;37.96
381;384;79.54
381;385;26.31
382;377;55.60
382;379;25.81
382;381;54.81
382;383;64.74
382;398;9.31
383;379;95.19
383;380;60.84
383;381;37.96
383;382;64.74
383;388;38.96
384;380;92.88
384;381;79.54
384;385;5.66
384;387;2.10
384;395;8.95
385;381;26.31
385;384;5.66
385;386;38.29
385;387;92.79
385;390;29.29
386;372;1.76
386;374;23.84
386;385;38.29
386;397;18.01
386;398;45.18
387;384;2.10
387;385;92.79
387;388;42.11
387;390;90.81
387;395;8.36
388;376;98.72
388;383;38.96
388;387;42.11
388;391;88.07
388;397;91.18
389;368;18.04
389;390;93.31
389;391;94.15
389;392;79.62
389;394;75.79
390;380;57.66
390;385;29.29
390;387;90.81
390;389;93.31
390;409;1.60
391;388;88.07
391;389;94.15
391;393;91.38
391;395;31.01
391;397;70.89
392;389;79.62
392;393;31.29
392;394;55.87
392;395;15.19
392;406;43.00
393;391;91.38
393;392;31.29
393;394;97.83
393;395;35.45
393;397;45.18
394;389;75.79
394;392;55.87
394;393;97.83
394;398;56.24
394;400;87.25
395;384;8.95
395;387;8.36
395;391;31.01
395;392;15.19
395;393;35.45
396;397;43.38
396;398;16.72
396;400;92.72
396;406;73.59
396;408;36.77
397;386;18.01
397;388;91.18
397;391;70.89
397;393;45.18
397;396;43.38
398;382;9.31
398;386;45.18
398;394;56.24
398;396;16.72
398;402;91.34
399;400;48.00
399;401;26.91
399;402;37.57
399;408;5.52
399;411;31.06
400;394;87.25
400;396;92.72
400;399;48.00
400;401;82.98
400;403;61.77
401;399;26.91
401;400;82.98
401;403;92.96
401;407;40.71
401;413;47.16
402;398;91.34
402;399;37.57
402;404;60.18
402;405;8.02
402;421;8.32
403;400;61.77
403;401;92.96
403;404;14.50
403;409;55.86
403;419;25.30
404;402;60.18
404;403;14.50
404;406;59.04
404;416;38.71
404;417;16.95
405;402;8.02
405;406;96.15
405;407;63.67
405;408;49.54
405;412;9.61
406;392;43.00
406;396;73.59
406;404;59.04
406;405;96.15
406;408;4.41
407;401;40.71
407;405;63.67
407;408;20.25
407;409;19.94
407;414;21.90
408;396;36.77
408;399;5.52
408;405;49.54
408;406;4.41
408;407;20.25
409;390;1.60
409;403;55.86
409;407;19.94
409;410;20.57
409;417;91.61
410;409;20.57
410;411;42.88
410;412;61.99
410;413;16.85
410;417;41.38
411;399;31.06
411;410;42.88
411;412;72.98
411;413;27.79
411;414;52.98
412;405;9.61
412;410;61.99
412;411;72.98
412;413;65.94
412;414;31.80
413;401;47.16
413;410;16.85
413;411;27.79
413;412;65.94
413;415;61.85
414;407;21.90
414;411;52.98
414;412;31.80
414;417;47.39
414;418;44.85
415;413;61.85
415;416;45.58
415;417;76.36
415;419;14.91
415;420;38.89
416;404;38.71
416;415;45.58
416;419;45.62
416;424;99.87
416;428;50.56
417;404;16.95
417;409;91.61
417;410;41.38
417;414;47.39
417;415;76.36
418;414;44.85
418;419;95.21
418;420;1.37
418;421;9.86
418;425;14.73
419;403;25.30
419;415;14.91
419;416;45.62
419;418;95.21
419;438;40.29
420;415;38.89
420;418;1.37
420;421;66.62
420;425;96.19
420;426;47.63
421;402;8.32
421;418;9.86
421;420;66.62
421;422;86.96
421;424;6.05
422;421;86.96
422;423;64.52
422;424;77.14
422;426;92.21
422;438;87.89
423;422;64.52
423;424;95.07
423;425;76.46
423;427;64.35
423;435;14.17
424;416;99.87
424;421;6.05
424;422;77.14
424;423;95.07
424;426;16.58
425;418;14.73
425;420;96.19
425;423;76.46
425;426;13.78
425;427;65.62
426;420;47.63
426;422;92.21
426;424;16.58
426;425;13.78
426;428;72.29
427;423;64.35
427;425;65.62
427;428;38.76
427;431;36.75
427;432;50.56
428;416;50.56
428;426;72.29
428;427;38.76
428;431;25.03
428;432;10.91
429;430;83.03
429;431;71.72
429;433;30.76
429;436;61.92
429;439;19.44
430;429;83.03
430;431;68.29
430;434;83.69
430;437;42.38
430;454;98.15
431;427;36.75
431;428;25.03
431;429;71.72
431;430;68.29
431;444;5.44
432;427;50.56
432;428;10.91
432;436;6.45
432;440;45.25
432;442;26.60
433;429;30.76
433;434;31.28
433;435;45.23
433;437;82.85
433;441;79.08
434;430;83.69
434;433;31.28
434;435;66.65
434;438;84.09
434;440;68.31
435;423;14.17
435;433;45.23
435;434;66.65
435;437;52.14
435;438;24.84
436;429;61.92
436;432;6.45
436;437;65.47
436;443;75.77
436;451;73.37
437;430;42.38
437;433;82.85
437;435;52.14
437;436;65.47
437;444;10.09
438;419;40.29
438;422;87.89
438;434;84.09
438;435;24.84
438;441;49.98
439;429;19.44
439;440;65.53
439;441;67.73
439;446;20.07
439;450;59.36
440;432;45.25
440;434;68.31
440;439;65.53
440;441;31.42
440;445;1.81
441;433;79.08
441;438;49.98
441;439;67.73
441;440;31.42
441;451;10.86
442;432;26.60
442;443;13.91
442;444;46.41
442;447;30.69
442;451;20.57
443;436;75.77
443;442;13.91
443;444;55.47
443;446;87.54
443;454;43.75
444;431;5.44
444;437;10.09
444;442;46.41
444;443;55.47
444;445;37.14
445;440;1.81
445;444;37.14
445;446;48.64
445;447;5.82
445;464;81.22
446;439;20.07
446;443;87.54
446;445;48.64
446;447;78.33
446;469;2.60
447;442;30.69
447;445;5.82
447;446;78.33
447;451;11.88
447;452;13.41
448;449;49.05
448;450;40.67
448;451;58.22
448;462;82.25
448;463;25.34
449;448;49.05
449;450;29.23
449;452;26.25
449;453;47.48
449;454;60.96
450;439;59.36
450;448;40.67
450;449;29.23
450;452;44.72
450;455;94.38
451;436;73.37
451;441;10.86
451;442;20.57
451;447;11.88
451;448;58.22
452;447;13.41
452;449;26.25
452;450;44.72
452;453;51.11
452;459;20.51
453;449;47.48
453;452;51.11
453;454;52.72
453;455;50.02
453;457;62.16
454;430;98.15
454;443;43.75
454;449;60.96
454;453;52.72
454;458;97.85
455;450;94.38
455;453;50.02
455;456;17.04
455;459;36.43
455;463;29.54
456;455;17.04
456;457;43.24
456;460;37.53
456;461;45.32
456;462;2.77
457;453;62.16
457;456;43.24
457;458;86.36
457;459;68.11
457;470;50.45
458;454;97.85
458;457;86.36
458;461;60.00
458;462;61.11
458;470;81.49
459;452;20.51
459;455;36.43
459;457;68.11
459;461;21.56
459;466;91.13
460;456;37.53
460;461;51.21
460;463;35.07
460;470;56.98
460;471;42.46
461;456;45.32
461;458;60.00
461;459;21.56
461;460;51.21
461;463;86.95
462;448;82.25
462;456;2.77
462;458;61.11
462;463;1.82
462;468;39.36
463;448;25.34
463;455;29.54
463;460;35.07
463;461;86.95
463;462;1.82
464;445;81.22
464;465;65.36
464;466;35.35
464;469;87.60
464;479;16.26
465;464;65.36
465;466;20.59
465;467;96.17
465;470;18.31
465;472;50.32
466;459;91.13
466;464;35.35
466;465;20.59
466;467;89.20
466;469;2.49
467;465;96.17
467;466;89.20
467;473;94.29
467;474;39.37
467;476;8.16
468;462;39.36
468;469;32.84
468;470;3.33
468;475;14.21
468;476;92.09
469;446;2.60
469;464;87.60
469;466;2.49
469;468;32.84
469;473;89.15
470;457;50.45
470;458;81.49
470;460;56.98
470;465;18.31
470;468;3.33
471;460;42.46
471;472;51.84
471;473;80.54
471;475;25.72
471;485;26.54
472;465;50.32
472;471;51.84
472;474;55.03
472;475;91.68
472;476;58.95
473;467;94.29
473;469;89.15
473;471;80.54
473;476;39.04
473;478;53.05
474;467;39.37
474;472;55.03
474;476;86.81
474;477;59.28
474;498;61.90
475;468;14.21
475;471;25.72
475;472;91.68
475;477;38.31
475;493;52.38
476;467;8.16
476;468;92.09
476;472;58.95
476;473;39.04
476;474;86.81
477;474;59.28
477;475;38.31
477;478;47.95
477;480;3.21
477;481;80.26
478;473;53.05
478;477;47.95
478;481;49.44
478;482;14.26
478;483;45.12
479;464;16.26
479;481;53.14
479;483;10.06
479;484;89.87
479;486;2.75
480;477;3.21
480;482;2.95
480;483;43.85
480;487;37.09
480;488;21.99
481;477;80.26
481;478;49.44
481;479;53.14
481;489;84.38
481;494;12.02
482;478;14.26
482;480;2.95
482;485;26.67
482;486;67.12
482;490;92.44
483;478;45.12
483;479;10.06
483;480;43.85
483;490;59.44
483;494;84.76
484;479;89.87
484;485;84.27
484;486;32.76
484;490;36.10
484;497;86.22
485;471;26.54
485;482;26.67
485;484;84.27
485;487;63.51
485;493;68.36
486;479;2.75
486;482;67.12
486;484;32.76
486;487;18.27
486;492;7.42
487;480;37.09
487;485;63.51
487;486;18.27
487;491;19.06
488;480;21.99
488;489;22.25
488;490;44.81
488;495;3.72
488;497;24.79
489;481;84.38
489;488;22.25
489;490;21.58
490;482;92.44
490;483;59.44
490;484;36.10
490;488;44.81
490;489;21.58
491;487;19.06
491;493;12.71
491;494;4.97
491;496;86.18
492;486;7.42
492;493;84.10
492;496;21.19
492;497;92.38
492;498;65.25
493;475;52.38
493;485;68.36
493;491;12.71
493;492;84.10
494;481;12.02
494;483;84.76
494;491;4.97
495;488;3.72
495;496;44.56
495;497;77.09
496;491;86.18
496;492;21.19
496;495;44.56
496;497;7.86
496;499;46.52
497;484;86.22
497;488;24.79
497;492;92.38
497;495;77.09
497;496;7.86
498;474;61.90
498;492;65.25
498;499;84.46
499;496;46.52
499;498;84.46
