source;target;label
0;210;91.81
1;89;36.77
1;349;16.08
2;105;1.17
3;407;34.23
3;185;11.79
4;495;68.67
5;470;13.58
6;462;41.81
6;229;9.58
7;183;62.54
7;199;36.40
8;404;47.71
9;154;60.07
9;252;5.25
10;33;59.00
10;285;27.09
11;498;96.38
11;225;79.74
12;392;66.43
12;350;14.44
12;486;5.31
13;23;45.47
13;99;44.18
13;132;33.28
14;164;30.20
14;396;5.31
15;210;61.71
15;403;49.18
16;370;49.89
17;91;32.35
17;201;6.22
18;210;67.79
19;277;42.25
19;477;14.49
20;151;62.21
20;66;11.91
20;459;11.33
20;61;6.76
21;87;36.05
21;320;20.93
22;466;45.74
22;231;21.27
23;13;45.47
23;45;3.90
24;207;49.21
24;288;12.83
25;28;88.04
26;413;75.59
27;183;67.60
27;434;64.87
28;25;88.04
28;67;17.66
29;477;49.00
29;419;5.78
30;157;92.72
31;394;55.69
31;339;49.94
31;317;15.81
32;71;20.26
32;227;16.77
33;10;59.00
33;47;33.08
33;244;18.28
34;94;79.22
35;393;16.03
36;253;49.86
36;277;46.22
36;64;7.90
37;204;26.08
37;208;17.01
38;273;45.12
38;361;40.24
38;186;3.96
39;191;21.01
39;226;2.55
40;243;36.63
40;236;15.66
40;192;7.38
41;150;53.12
41;317;33.93
42;393;48.21
43;77;79.21
43;297;1.37
44;414;83.60
44;307;48.15
44;261;39.51
45;23;3.90
46;281;24.27
46;105;24.49
46;112;5.65
47;33;33.08
48;440;12.39
49;52;17.95
50;297;30.72
50;123;29.31
51;154;46.76
52;435;24.24
52;49;17.95
53;273;42.30
53;85;25.39
54;82;47.59
54;264;11.07
55;221;57.20
56;179;63.31
57;170;39.89
58;224;50.05
58;161;41.87
59;93;90.53
59;100;36.28
59;376;3.84
59;176;1.39
60;477;21.68
60;467;21.55
60;302;12.10
61;20;6.76
63;405;63.79
63;125;48.92
64;92;59.50
64;36;7.90
65;246;74.49
65;260;17.09
66;20;11.91
66;352;7.65
67;262;52.34
67;113;43.47
67;487;34.56
67;28;17.66
68;432;21.65
69;453;38.72
69;192;6.42
70;307;37.64
71;316;26.21
71;32;20.26
72;215;99.79
72;376;48.35
72;135;13.40
73;381;87.43
74;218;82.64
75;266;21.44
75;128;20.88
76;496;45.61
77;43;79.21
78;318;49.49
79;327;77.56
79;276;37.38
79;271;9.92
80;253;31.32
80;150;25.30
80;235;7.06
81;190;8.84
81;391;5.48
82;54;47.59
82;490;32.33
83;329;40.32
84;455;49.98
85;173;64.50
85;134;45.54
85;53;25.39
85;131;24.23
86;471;38.89
86;248;30.24
87;135;43.60
87;21;36.05
87;448;33.72
88;344;57.69
88;153;52.91
89;289;41.98
89;1;36.77
89;279;5.23
90;334;33.56
90;259;32.51
91;17;32.35
91;200;9.89
91;152;8.25
92;64;59.50
93;59;90.53
94;311;80.71
94;34;79.22
95;144;91.62
96;249;73.45
97;183;4.93
99;13;44.18
99;321;35.03
100;59;36.28
100;226;21.66
102;454;33.94
102;466;22.98
103;390;49.66
103;275;20.91
104;370;55.46
105;181;78.13
105;139;58.08
105;337;27.33
105;46;24.49
105;2;1.17
106;454;8.02
107;279;28.87
107;395;15.21
108;374;42.73
109;283;46.49
110;300;12.03
111;275;79.31
112;46;5.65
113;67;43.47
114;341;60.75
115;405;58.13
116;454;43.28
116;349;14.22
117;164;36.48
117;324;13.18
118;307;86.60
119;455;26.95
119;121;8.07
120;293;41.83
120;386;3.51
121;398;55.84
121;271;36.27
121;228;19.91
121;119;8.07
122;138;37.14
122;322;24.92
122;234;22.12
123;50;29.31
124;255;55.21
124;395;34.47
124;365;26.08
125;219;67.59
125;63;48.92
125;461;14.31
126;131;36.53
126;263;29.65
127;228;38.99
128;443;60.84
128;420;31.12
128;75;20.88
129;183;35.09
129;287;23.53
130;481;47.02
131;126;36.53
131;85;24.23
132;13;33.28
132;465;5.02
133;297;63.30
133;301;61.87
133;483;49.05
133;410;28.75
134;85;45.54
135;87;43.60
135;472;38.60
135;230;18.37
135;72;13.40
136;450;21.31
137;400;55.26
137;442;38.80
138;122;37.14
139;105;58.08
139;375;43.26
140;453;31.03
140;390;29.13
141;390;26.35
141;239;14.60
142;482;38.04
142;484;18.71
143;380;91.95
144;95;91.62
145;345;53.64
145;209;3.37
146;326;25.20
147;483;35.34
148;298;67.58
149;198;69.59
150;41;53.12
150;80;25.30
150;474;19.16
150;360;8.90
151;20;62.21
152;171;28.83
152;91;8.25
153;88;52.91
154;9;60.07
154;51;46.76
154;165;41.46
154;429;21.43
155;431;69.23
157;30;92.72
157;334;4.96
158;436;60.06
158;306;26.15
158;452;24.60
158;404;9.57
159;455;64.12
159;182;22.00
160;294;38.26
160;307;32.84
160;280;23.53
160;237;2.89
161;58;41.87
161;194;12.68
162;230;38.13
162;282;36.91
162;353;17.15
164;117;36.48
164;14;30.20
164;413;23.95
164;483;3.14
165;154;41.46
166;433;70.99
166;303;62.75
166;426;53.11
166;319;42.08
166;408;25.76
167;293;18.67
167;450;6.77
168;199;60.76
168;475;16.89
170;57;39.89
170;472;5.46
171;152;28.83
171;318;18.00
172;188;93.22
173;85;64.50
173;468;14.38
174;454;17.95
175;203;9.78
176;59;1.39
177;220;60.42
177;368;30.80
177;422;14.58
178;298;53.34
178;418;46.06
178;197;6.77
179;469;90.98
179;56;63.31
179;192;40.17
179;486;31.59
180;264;26.73
181;105;78.13
181;384;73.95
182;159;22.00
183;27;67.60
183;272;64.51
183;7;62.54
183;331;44.74
183;129;35.09
183;97;4.93
184;251;1.13
185;3;11.79
186;401;87.20
186;485;19.09
186;38;3.96
187;276;22.55
188;172;93.22
188;309;46.67
188;254;22.11
189;411;25.27
190;336;35.93
190;81;8.84
191;388;27.56
191;39;21.01
191;405;4.11
192;179;40.17
192;40;7.38
192;69;6.42
194;459;40.66
194;161;12.68
195;467;64.82
195;407;63.09
196;299;67.07
196;376;38.45
196;285;34.31
196;271;14.12
196;288;3.94
197;178;6.77
198;487;81.96
198;149;69.59
199;168;60.76
199;7;36.40
200;91;9.89
201;347;51.63
201;254;13.22
201;17;6.22
202;308;77.91
203;363;57.36
203;234;17.34
203;175;9.78
204;390;47.40
204;37;26.08
205;330;6.01
206;234;20.07
207;24;49.21
208;37;17.01
209;145;3.37
210;0;91.81
210;18;67.79
210;15;61.71
211;234;3.03
212;229;18.33
214;229;28.35
214;454;2.78
215;72;99.79
216;288;87.36
217;346;71.63
217;328;42.89
217;409;37.73
218;74;82.64
218;469;59.20
219;125;67.59
220;177;60.42
220;319;22.74
221;233;79.02
221;55;57.20
221;335;51.13
223;345;47.51
224;58;50.05
225;11;79.74
225;359;77.51
226;100;21.66
226;39;2.55
227;372;21.13
227;32;16.77
228;127;38.99
228;121;19.91
229;491;49.22
229;214;28.35
229;212;18.33
229;6;9.58
230;162;38.13
230;135;18.37
231;22;21.27
232;285;71.15
232;338;51.97
233;221;79.02
233;478;45.02
234;447;65.33
234;122;22.12
234;206;20.07
234;203;17.34
234;211;3.03
235;249;58.13
235;80;7.06
236;40;15.66
237;258;25.06
237;366;20.19
237;487;17.44
237;240;7.37
237;160;2.89
238;420;1.59
239;431;32.49
239;141;14.60
240;271;22.25
240;237;7.37
242;435;26.97
243;40;36.63
244;33;18.28
245;333;50.97
246;65;74.49
246;444;7.27
247;481;61.27
247;254;51.77
247;438;33.66
248;473;88.45
248;431;70.57
248;86;30.24
249;96;73.45
249;235;58.13
250;343;50.44
251;305;23.95
251;427;11.13
251;184;1.13
252;9;5.25
253;36;49.86
253;80;31.32
253;296;23.59
254;247;51.77
254;188;22.11
254;201;13.22
254;425;10.60
255;124;55.21
256;281;32.43
256;336;32.60
257;364;14.87
258;237;25.06
259;373;39.78
259;90;32.51
259;295;5.71
260;368;25.05
260;65;17.09
261;44;39.51
262;383;64.06
262;67;52.34
262;418;1.45
263;126;29.65
264;289;49.22
264;180;26.73
264;54;11.07
265;431;23.67
266;269;40.45
266;75;21.44
267;460;89.30
268;482;34.88
268;451;30.02
268;295;17.45
269;266;40.45
270;413;45.63
270;365;43.44
270;315;18.02
271;121;36.27
271;240;22.25
271;196;14.12
271;79;9.92
272;341;69.88
272;183;64.51
273;38;45.12
273;53;42.30
274;351;45.83
274;286;29.03
274;364;8.89
275;111;79.31
275;103;20.91
276;437;68.17
276;79;37.38
276;450;28.81
276;187;22.55
277;311;56.40
277;36;46.22
277;19;42.25
277;283;1.90
278;360;30.10
279;107;28.87
279;89;5.23
280;420;24.16
280;160;23.53
281;329;51.31
281;256;32.43
281;46;24.27
281;446;10.36
282;162;36.91
282;399;5.73
283;109;46.49
283;277;1.90
284;496;96.46
285;232;71.15
285;196;34.31
285;10;27.09
285;312;16.82
286;450;41.83
286;274;29.03
286;356;7.60
287;129;23.53
288;216;87.36
288;425;47.69
288;24;12.83
288;196;3.94
289;264;49.22
289;89;41.98
290;354;61.43
291;408;54.95
292;465;94.88
293;340;42.50
293;120;41.83
293;167;18.67
294;160;38.26
295;268;17.45
295;259;5.71
296;253;23.59
297;133;63.30
297;50;30.72
297;43;1.37
298;148;67.58
298;178;53.34
299;196;67.07
300;452;43.80
300;110;12.03
301;133;61.87
302;389;43.48
302;60;12.10
303;166;62.75
304;430;44.58
305;251;23.95
305;312;4.78
306;310;42.66
306;158;26.15
307;118;86.60
307;44;48.15
307;70;37.64
307;160;32.84
308;202;77.91
308;412;24.39
309;188;46.67
310;306;42.66
311;94;80.71
311;277;56.40
312;285;16.82
312;305;4.78
314;318;7.66
315;270;18.02
315;400;15.23
316;71;26.21
317;380;47.35
317;41;33.93
317;31;15.81
317;343;6.01
318;78;49.49
318;370;35.84
318;171;18.00
318;314;7.66
319;166;42.08
319;220;22.74
320;423;48.10
320;21;20.93
321;402;47.34
321;99;35.03
322;122;24.92
322;350;12.43
323;329;1.62
324;117;13.18
325;445;56.23
326;146;25.20
326;336;16.65
326;492;1.72
327;79;77.56
328;217;42.89
329;281;51.31
329;83;40.32
329;323;1.62
330;488;38.46
330;205;6.01
331;183;44.74
331;492;7.77
332;410;59.55
333;245;50.97
333;382;42.88
333;463;31.53
334;491;44.59
334;90;33.56
334;157;4.96
335;221;51.13
336;190;35.93
336;256;32.60
336;326;16.65
337;105;27.33
337;456;19.97
337;378;19.59
338;232;51.97
339;31;49.94
340;293;42.50
341;272;69.88
341;114;60.75
343;478;54.88
343;250;50.44
343;317;6.01
344;386;88.76
344;88;57.69
345;145;53.64
345;223;47.51
345;483;28.16
346;217;71.63
346;440;9.59
347;201;51.63
349;1;16.08
349;116;14.22
350;12;14.44
350;322;12.43
351;274;45.83
351;457;17.78
352;497;93.59
352;66;7.65
353;162;17.15
354;290;61.43
354;375;8.66
355;399;42.36
356;286;7.60
356;463;3.93
357;478;52.84
358;453;30.59
359;225;77.51
360;278;30.10
360;150;8.90
361;390;48.53
361;38;40.24
362;421;76.51
362;429;64.47
362;460;6.04
363;203;57.36
364;381;26.48
364;257;14.87
364;274;8.89
365;270;43.44
365;124;26.08
366;237;20.19
367;395;78.02
368;177;30.80
368;260;25.05
368;390;7.60
370;104;55.46
370;16;49.89
370;318;35.84
372;493;50.66
372;490;38.03
372;227;21.13
373;259;39.78
374;108;42.73
374;459;6.80
375;139;43.26
375;354;8.66
376;72;48.35
376;196;38.45
376;459;19.86
376;59;3.84
377;429;97.61
378;337;19.59
380;143;91.95
380;317;47.35
381;73;87.43
381;364;26.48
382;333;42.88
383;262;64.06
384;181;73.95
385;413;42.98
385;393;4.07
386;344;88.76
386;120;3.51
387;420;86.94
388;191;27.56
388;489;5.32
389;302;43.48
389;495;8.85
390;103;49.66
390;361;48.53
390;204;47.40
390;140;29.13
390;141;26.35
390;368;7.60
391;453;24.73
391;81;5.48
392;12;66.43
393;42;48.21
393;35;16.03
393;385;4.07
394;31;55.69
395;367;78.02
395;124;34.47
395;107;15.21
396;420;18.32
396;14;5.31
397;460;67.32
398;121;55.84
399;355;42.36
399;282;5.73
400;137;55.26
400;315;15.23
401;186;87.20
402;460;50.67
402;321;47.34
403;15;49.18
403;432;23.60
404;8;47.71
404;498;39.11
404;158;9.57
405;63;63.79
405;115;58.13
405;191;4.11
407;195;63.09
407;3;34.23
408;291;54.95
408;476;37.69
408;166;25.76
409;217;37.73
409;439;32.82
410;332;59.55
410;133;28.75
411;420;53.92
411;189;25.27
412;308;24.39
412;457;4.57
413;26;75.59
413;270;45.63
413;385;42.98
413;164;23.95
414;44;83.60
415;431;35.39
416;456;95.70
417;499;42.59
418;178;46.06
418;262;1.45
419;29;5.78
420;387;86.94
420;411;53.92
420;128;31.12
420;280;24.16
420;396;18.32
420;238;1.59
421;362;76.51
422;177;14.58
423;320;48.10
424;495;71.91
425;288;47.69
425;488;22.55
425;254;10.60
426;166;53.11
427;453;22.03
427;251;11.13
429;377;97.61
429;494;69.76
429;362;64.47
429;154;21.43
430;304;44.58
431;248;70.57
431;155;69.23
431;415;35.39
431;239;32.49
431;265;23.67
432;403;23.60
432;68;21.65
432;492;13.00
433;166;70.99
434;27;64.87
435;242;26.97
435;52;24.24
436;158;60.06
437;276;68.17
438;247;33.66
439;409;32.82
440;478;42.23
440;48;12.39
440;346;9.59
442;137;38.80
443;128;60.84
444;246;7.27
445;325;56.23
445;459;10.64
446;460;39.48
446;281;10.36
447;234;65.33
448;87;33.72
450;286;41.83
450;276;28.81
450;136;21.31
450;167;6.77
451;268;30.02
452;300;43.80
452;486;31.85
452;158;24.60
453;69;38.72
453;140;31.03
453;358;30.59
453;391;24.73
453;427;22.03
454;116;43.28
454;102;33.94
454;174;17.95
454;106;8.02
454;214;2.78
455;159;64.12
455;84;49.98
455;119;26.95
456;416;95.70
456;337;19.97
456;458;16.65
457;351;17.78
457;412;4.57
458;456;16.65
459;194;40.66
459;376;19.86
459;20;11.33
459;445;10.64
459;374;6.80
460;267;89.30
460;397;67.32
460;402;50.67
460;446;39.48
460;362;6.04
461;125;14.31
462;6;41.81
463;333;31.53
463;356;3.93
464;472;17.48
465;292;94.88
465;132;5.02
466;22;45.74
466;102;22.98
467;195;64.82
467;60;21.55
467;498;3.40
468;173;14.38
469;179;90.98
469;218;59.20
470;5;13.58
470;481;12.52
471;86;38.89
472;135;38.60
472;464;17.48
472;170;5.46
473;248;88.45
474;150;19.16
475;168;16.89
476;408;37.69
477;29;49.00
477;60;21.68
477;19;14.49
478;343;54.88
478;357;52.84
478;233;45.02
478;440;42.23
481;247;61.27
481;130;47.02
481;470;12.52
482;142;38.04
482;268;34.88
483;133;49.05
483;147;35.34
483;345;28.16
483;164;3.14
484;142;18.71
485;186;19.09
486;179;31.59
486;452;31.85
486;12;5.31
487;198;81.96
487;67;34.56
487;237;17.44
488;330;38.46
488;425;22.55
489;388;5.32
490;372;38.03
490;82;32.33
491;229;49.22
491;334;44.59
492;432;13.00
492;331;7.77
492;326;1.72
493;372;50.66
494;429;69.76
495;424;71.91
495;4;68.67
495;389;8.85
496;284;96.46
496;76;45.61
497;352;93.59
498;11;96.38
498;404;39.11
498;467;3.40
499;417;42.59
