source;target;label
0;43;54.46
0;73;98.82
0;54;85.52
0;47;30.05
0;85;44.72
0;70;52.28
0;90;22.99
0;56;6.46
1;16;17.63
1;87;31.20
1;66;64.27
1;48;17.44
1;86;56.52
1;36;36.21
2;46;26.94
2;93;87.79
2;98;35.69
3;65;29.70
3;35;29.18
3;50;61.51
3;97;43.58
3;15;39.01
3;4;57.29
3;29;48.31
4;68;88.31
4;92;37.77
4;88;3.99
4;61;11.96
4;97;9.55
4;79;65.18
4;78;2.91
4;3;57.29
4;15;98.78
4;57;71.18
4;69;75.90
5;31;97.14
5;74;36.43
5;83;40.54
5;50;7.07
5;33;53.56
5;9;26.87
5;58;52.06
6;38;61.20
6;78;76.72
6;19;33.89
6;33;46.70
6;87;85.58
6;67;53.69
7;66;31.09
7;21;99.22
7;41;54.86
8;69;49.64
8;75;84.68
8;64;92.70
8;76;61.46
9;16;91.74
9;58;15.05
9;25;94.05
9;78;54.44
9;69;32.74
9;18;5.92
9;5;26.87
9;76;14.24
10;17;11.78
10;58;47.84
10;41;76.91
10;74;39.31
10;37;87.30
11;65;70.88
11;14;32.38
11;40;10.26
11;85;34.81
11;78;27.05
11;70;94.69
11;35;5.34
11;98;74.88
11;90;28.48
12;74;60.94
12;24;47.35
12;13;77.57
12;14;6.27
12;65;76.06
12;86;64.69
12;77;83.58
12;39;21.69
12;92;93.55
12;35;28.16
13;12;77.57
13;89;41.95
13;63;95.72
13;59;99.88
13;78;73.67
13;83;8.06
13;41;84.64
13;48;56.04
13;58;31.08
13;23;56.84
14;11;32.38
14;12;6.27
14;38;11.59
14;26;12.50
15;3;39.01
15;4;98.78
15;94;90.92
16;9;91.74
16;1;17.63
16;88;27.64
16;23;10.94
16;96;10.29
16;54;8.44
16;98;42.36
16;35;40.44
16;82;79.82
16;93;35.76
16;51;46.38
17;77;88.52
17;60;61.82
17;90;39.58
17;10;11.78
17;66;30.47
17;58;28.41
17;86;7.26
17;68;20.49
17;76;12.18
17;72;50.67
18;9;5.92
18;90;37.09
19;71;89.66
19;47;96.50
19;20;80.99
19;73;47.56
19;6;33.89
19;91;93.66
19;29;53.99
19;41;57.11
20;19;80.99
20;32;56.74
21;91;5.60
21;7;99.22
22;31;78.56
22;73;86.43
22;83;36.95
23;51;94.12
23;55;10.22
23;16;10.94
23;90;13.97
23;13;56.84
24;12;47.35
24;55;6.85
24;41;22.59
24;59;97.41
24;93;45.94
24;87;56.04
24;56;14.44
25;9;94.05
25;54;60.09
26;34;25.16
26;48;18.76
26;63;84.93
26;54;48.07
26;95;16.70
26;81;23.40
26;14;12.50
27;67;82.81
27;65;86.85
27;72;16.83
28;85;51.76
28;43;18.35
28;40;76.74
29;30;11.16
29;48;57.55
29;35;53.00
29;87;7.84
29;51;97.54
29;19;53.99
29;3;48.31
29;96;86.47
29;64;7.41
30;29;11.16
30;67;48.31
30;35;85.51
30;73;19.38
31;5;97.14
31;22;78.56
32;73;9.80
32;85;22.18
32;94;86.06
32;61;89.32
32;20;56.74
32;50;33.51
33;6;46.70
33;5;53.56
33;75;91.95
33;57;39.84
34;26;25.16
34;86;32.58
34;89;94.95
34;58;14.40
34;59;18.80
35;29;53.00
35;3;29.18
35;16;40.44
35;11;5.34
35;84;26.34
35;85;12.79
35;30;85.51
35;12;28.16
36;41;31.23
36;46;79.91
36;1;36.21
36;58;25.90
36;63;99.45
37;93;78.76
37;95;98.22
37;96;46.93
37;39;83.39
37;40;55.88
37;42;50.10
37;46;19.24
37;10;87.30
37;90;65.87
38;6;61.20
38;90;33.19
38;40;30.49
38;84;63.85
38;14;11.59
38;74;13.80
39;98;54.07
39;37;83.39
39;93;39.79
39;45;6.16
39;12;21.69
39;96;65.06
39;65;49.04
40;88;63.63
40;41;59.57
40;38;30.49
40;11;10.26
40;37;55.88
40;28;76.74
40;71;62.49
41;36;31.23
41;40;59.57
41;46;25.87
41;24;22.59
41;10;76.91
41;47;99.19
41;73;60.92
41;13;84.64
41;71;63.55
41;19;57.11
41;7;54.86
42;51;57.63
42;66;18.36
42;37;50.10
42;71;94.51
42;78;25.07
43;0;54.46
43;46;60.85
43;28;18.35
44;96;2.85
45;80;45.65
45;65;77.23
45;61;67.28
45;60;89.16
45;70;80.86
45;98;62.25
45;39;6.16
46;68;53.37
46;41;25.87
46;36;79.91
46;43;60.85
46;47;49.87
46;2;26.94
46;72;76.18
46;70;73.00
46;55;82.92
46;59;19.01
46;37;19.24
47;60;86.46
47;19;96.50
47;46;49.87
47;0;30.05
47;41;99.19
48;83;86.55
48;29;57.55
48;86;54.00
48;26;18.76
48;1;17.44
48;95;8.08
48;88;19.82
48;74;50.36
48;53;89.23
48;75;67.82
48;13;56.04
49;82;29.34
49;54;33.38
50;60;84.54
50;3;61.51
50;64;49.97
50;89;24.20
50;5;7.07
50;32;33.51
51;95;97.51
51;23;94.12
51;29;97.54
51;42;57.63
51;55;38.14
51;16;46.38
52;57;95.14
52;71;37.86
52;88;49.46
52;77;33.90
52;90;63.23
53;91;78.61
53;75;66.24
53;48;89.23
54;0;85.52
54;49;33.38
54;16;8.44
54;25;60.09
54;26;48.07
55;74;8.77
55;24;6.85
55;91;66.23
55;23;10.22
55;46;82.92
55;51;38.14
56;0;6.46
56;24;14.44
57;72;75.70
57;76;76.34
57;52;95.14
57;58;91.14
57;97;83.94
57;81;78.37
57;33;39.84
57;4;71.18
58;9;15.05
58;71;69.01
58;10;47.84
58;57;91.14
58;84;10.41
58;17;28.41
58;67;22.42
58;34;14.40
58;36;25.90
58;13;31.08
58;5;52.06
59;13;99.88
59;63;74.87
59;24;97.41
59;34;18.80
59;46;19.01
59;80;84.05
60;17;61.82
60;96;6.81
60;47;86.46
60;50;84.54
60;45;89.16
60;98;35.23
60;78;31.87
61;45;67.28
61;4;11.96
61;81;40.62
61;66;33.25
61;32;89.32
62;76;48.98
62;98;81.19
62;99;67.96
63;66;30.07
63;80;36.68
63;26;84.93
63;13;95.72
63;59;74.87
63;83;71.86
63;36;99.45
64;76;76.14
64;50;49.97
64;8;92.70
64;72;20.52
64;29;7.41
64;96;32.46
64;85;17.84
65;45;77.23
65;11;70.88
65;3;29.70
65;91;56.43
65;85;36.82
65;12;76.06
65;27;86.85
65;39;49.04
66;1;64.27
66;63;30.07
66;17;30.47
66;7;31.09
66;42;18.36
66;61;33.25
66;92;56.83
67;30;48.31
67;97;58.33
67;82;70.96
67;90;51.43
67;77;45.54
67;27;82.81
67;58;22.42
67;94;95.32
67;6;53.69
68;4;88.31
68;46;53.37
68;93;75.09
68;17;20.49
69;9;32.74
69;8;49.64
69;93;87.99
69;4;75.90
70;99;84.67
70;0;52.28
70;46;73.00
70;11;94.69
70;45;80.86
71;58;69.01
71;19;89.66
71;52;37.86
71;83;30.33
71;42;94.51
71;40;62.49
71;41;63.55
72;78;64.58
72;57;75.70
72;80;34.29
72;95;90.84
72;46;76.18
72;17;50.67
72;64;20.52
72;27;16.83
73;32;9.80
73;0;98.82
73;19;47.56
73;22;86.43
73;41;60.92
73;81;77.17
73;30;19.38
74;5;36.43
74;12;60.94
74;55;8.77
74;38;13.80
74;48;50.36
74;90;88.11
74;10;39.31
75;8;84.68
75;53;66.24
75;48;67.82
75;33;91.95
76;62;48.98
76;64;76.14
76;57;76.34
76;87;34.55
76;91;15.80
76;17;12.18
76;8;61.46
76;88;42.57
76;9;14.24
77;17;88.52
77;67;45.54
77;52;33.90
77;12;83.58
78;9;54.44
78;72;64.58
78;6;76.72
78;4;2.91
78;11;27.05
78;13;73.67
78;60;31.87
78;42;25.07
79;4;65.18
79;94;94.32
79;83;52.71
79;96;93.48
80;45;45.65
80;63;36.68
80;72;34.29
80;83;5.63
80;59;84.05
81;82;94.75
81;85;95.67
81;61;40.62
81;73;77.17
81;26;23.40
81;57;78.37
82;81;94.75
82;49;29.34
82;67;70.96
82;16;79.82
83;48;86.55
83;5;40.54
83;71;30.33
83;13;8.06
83;22;36.95
83;80;5.63
83;63;71.86
83;79;52.71
84;99;31.48
84;38;63.85
84;91;95.90
84;58;10.41
84;35;26.34
84;86;2.97
85;32;22.18
85;28;51.76
85;0;44.72
85;81;95.67
85;65;36.82
85;11;34.81
85;35;12.79
85;64;17.84
86;48;54.00
86;34;32.58
86;1;56.52
86;17;7.26
86;12;64.69
86;84;2.97
87;1;31.20
87;29;7.84
87;76;34.55
87;24;56.04
87;6;85.58
88;40;63.63
88;16;27.64
88;4;3.99
88;52;49.46
88;48;19.82
88;76;42.57
89;96;35.59
89;13;41.95
89;50;24.20
89;34;94.95
89;90;64.13
90;38;33.19
90;17;39.58
90;67;51.43
90;0;22.99
90;89;64.13
90;74;88.11
90;18;37.09
90;52;63.23
90;23;13.97
90;11;28.48
90;37;65.87
91;53;78.61
91;21;5.60
91;55;66.23
91;65;56.43
91;84;95.90
91;19;93.66
91;76;15.80
92;4;37.77
92;66;56.83
92;12;93.55
93;37;78.76
93;98;33.43
93;68;75.09
93;39;39.79
93;16;35.76
93;2;87.79
93;69;87.99
93;24;45.94
94;32;86.06
94;79;94.32
94;67;95.32
94;15;90.92
95;51;97.51
95;37;98.22
95;72;90.84
95;48;8.08
95;26;16.70
96;44;2.85
96;60;6.81
96;37;46.93
96;89;35.59
96;16;10.29
96;39;65.06
96;79;93.48
96;29;86.47
96;64;32.46
97;67;58.33
97;4;9.55
97;3;43.58
97;57;83.94
98;39;54.07
98;93;33.43
98;62;81.19
98;16;42.36
98;60;35.23
98;45;62.25
98;11;74.88
98;2;35.69
99;70;84.67
99;84;31.48
99;62;67.96
