source;target;label
0;8;63.92
0;12;29.50
0;14;34.59
0;24;78.21
0;32;7.43
0;33;72.67
0;34;95.50
0;42;39.16
0;43;13.99
0;47;52.05
0;49;47.17
0;51;25.86
0;52;58.71
0;53;14.16
0;54;82.54
0;56;42.94
0;61;65.87
0;64;88.37
0;68;66.64
0;76;51.54
0;82;34.94
0;83;54.80
0;90;80.51
0;93;59.25
0;94;91.12
0;96;72.99
0;97;48.14
1;4;17.40
1;5;33.18
1;10;38.36
1;11;89.91
1;15;35.28
1;22;80.85
1;26;1.13
1;27;45.37
1;28;80.16
1;35;90.93
1;37;83.65
1;41;79.97
1;45;99.40
1;48;96.36
1;55;98.32
1;69;20.12
1;79;95.27
1;87;44.76
1;98;38.37
1;99;2.15
2;8;33.66
2;10;41.12
2;22;3.14
2;32;9.75
2;35;96.46
2;37;10.40
2;40;19.21
2;42;25.68
2;56;75.70
2;58;15.59
2;69;88.50
2;70;21.11
2;76;41.60
2;83;55.11
2;84;65.27
2;85;76.45
2;90;72.55
3;6;74.05
3;9;48.14
3;17;64.15
3;23;43.87
3;25;43.97
3;39;73.66
3;57;33.14
3;65;24.00
3;72;80.71
3;74;52.48
3;77;57.90
3;78;77.37
4;1;17.40
4;5;96.91
4;7;90.70
4;10;1.28
4;11;17.24
4;15;3.89
4;26;70.04
4;27;66.97
4;28;51.80
4;36;68.46
4;41;63.63
4;45;17.00
4;48;39.02
4;59;52.69
4;63;68.38
4;75;25.78
4;79;89.65
4;87;7.84
4;88;13.33
4;89;36.72
4;98;78.70
5;1;33.18
5;4;96.91
5;10;63.48
5;11;34.83
5;15;27.58
5;26;75.87
5;27;30.71
5;41;80.29
5;45;84.89
5;48;91.35
5;55;90.08
5;63;22.28
5;75;12.39
5;79;27.38
5;87;45.41
5;98;34.31
5;99;88.25
6;3;74.05
6;9;23.30
6;17;86.78
6;25;90.86
6;29;69.41
6;38;14.82
6;39;77.13
6;57;55.76
6;65;5.69
6;74;51.32
6;77;50.80
6;78;15.53
7;4;90.70
7;16;31.76
7;18;49.66
7;19;81.86
7;20;18.51
7;21;72.95
7;26;31.33
7;31;6.71
7;36;23.08
7;44;6.33
7;48;92.41
7;50;10.32
7;59;99.38
7;62;37.74
7;63;18.39
7;73;49.64
7;75;71.86
7;79;78.24
7;80;7.33
7;81;77.42
7;87;63.12
7;88;15.67
7;89;26.18
7;91;91.98
8;0;63.92
8;2;33.66
8;13;2.10
8;14;30.28
8;24;38.20
8;32;27.23
8;33;91.01
8;34;28.70
8;40;79.26
8;42;28.60
8;43;95.69
8;52;81.75
8;53;48.29
8;54;91.20
8;56;78.92
8;61;24.64
8;64;16.21
8;66;98.79
8;76;8.29
8;82;21.61
8;83;38.61
8;84;20.94
8;90;50.01
8;93;79.60
8;94;44.43
8;96;4.12
8;97;78.52
9;3;48.14
9;6;23.30
9;17;20.02
9;23;13.12
9;25;51.13
9;39;1.19
9;47;38.49
9;49;41.46
9;51;82.76
9;57;88.69
9;65;35.91
9;72;61.49
9;74;88.76
9;77;29.34
9;78;61.50
10;1;38.36
10;2;41.12
10;4;1.28
10;5;63.48
10;11;23.54
10;15;51.17
10;21;53.20
10;22;87.99
10;26;61.18
10;28;49.00
10;35;2.16
10;37;62.82
10;41;89.79
10;45;34.34
10;46;90.24
10;48;19.24
10;58;83.07
10;60;26.57
10;69;70.59
10;71;20.13
10;75;43.58
10;79;70.35
10;80;94.59
10;85;69.91
10;86;52.08
10;87;94.79
10;88;94.86
10;89;45.52
10;91;87.92
10;98;79.23
10;99;41.25
11;1;89.91
11;4;17.24
11;5;34.83
11;10;23.54
11;15;94.75
11;22;31.48
11;26;71.78
11;27;21.41
11;28;10.27
11;35;2.68
11;37;64.11
11;41;52.96
11;45;24.07
11;48;42.42
11;55;22.67
11;69;30.95
11;79;48.75
11;87;65.34
11;88;2.84
11;98;51.42
11;99;20.64
12;0;29.50
12;21;26.06
12;29;85.96
12;31;9.86
12;38;12.64
12;39;5.75
12;46;37.73
12;47;21.12
12;49;4.03
12;51;31.41
12;52;81.54
12;56;78.49
12;57;52.33
12;60;83.15
12;65;28.50
12;68;99.13
12;71;30.83
12;80;11.13
12;81;38.43
12;86;98.49
12;91;85.95
12;92;40.60
12;93;10.84
13;8;2.10
13;33;33.66
13;34;9.40
13;40;45.33
13;42;26.38
13;43;27.17
13;53;85.92
13;54;50.25
13;66;59.80
13;76;1.09
13;82;17.02
13;83;4.27
13;84;21.04
13;90;93.52
13;97;82.60
14;0;34.59
14;8;30.28
14;23;59.20
14;24;31.67
14;32;76.54
14;33;92.19
14;34;36.52
14;43;17.56
14;47;85.13
14;49;43.00
14;51;34.66
14;52;84.18
14;53;50.02
14;54;58.77
14;56;18.95
14;61;89.34
14;64;41.76
14;72;34.98
14;82;43.65
14;83;18.99
14;93;10.19
14;94;64.21
14;96;55.00
14;97;74.55
15;1;35.28
15;4;3.89
15;5;27.58
15;10;51.17
15;11;94.75
15;22;29.28
15;26;3.56
15;27;76.93
15;28;49.70
15;35;54.07
15;36;98.61
15;37;93.75
15;41;57.26
15;45;3.84
15;46;6.00
15;48;90.58
15;55;62.22
15;58;55.89
15;60;55.08
15;63;86.91
15;69;86.68
15;75;96.46
15;79;21.64
15;86;14.03
15;87;98.27
15;88;16.09
15;89;72.66
15;91;1.39
15;98;38.02
15;99;12.06
16;7;31.76
16;18;18.10
16;19;80.68
16;20;78.66
16;21;10.42
16;29;12.53
16;30;96.26
16;31;66.50
16;36;39.51
16;44;86.36
16;48;68.38
16;50;89.96
16;59;52.20
16;62;99.79
16;67;50.30
16;73;86.54
16;75;53.05
16;80;4.44
16;81;55.83
16;88;56.62
16;89;25.74
16;92;63.94
16;95;90.69
17;3;64.15
17;6;86.78
17;9;20.02
17;25;35.34
17;39;13.87
17;57;73.53
17;65;6.63
17;74;79.21
17;77;89.05
17;78;42.01
18;7;49.66
18;16;18.10
18;19;85.11
18;20;75.15
18;21;35.34
18;29;34.48
18;30;38.05
18;31;45.57
18;36;12.50
18;44;51.31
18;50;81.60
18;59;10.01
18;62;96.08
18;67;27.27
18;73;89.82
18;80;92.43
18;81;73.53
18;92;42.65
18;95;56.43
19;7;81.86
19;16;80.68
19;18;85.11
19;20;7.19
19;30;6.61
19;36;93.71
19;44;4.16
19;50;91.97
19;59;91.24
19;62;43.96
19;63;19.78
19;67;18.15
19;73;31.18
19;75;13.57
19;81;57.70
19;95;45.53
20;7;18.51
20;16;78.66
20;18;75.15
20;19;7.19
20;21;91.01
20;29;46.15
20;30;21.81
20;31;35.49
20;36;88.84
20;44;57.16
20;50;78.97
20;59;61.17
20;62;34.15
20;67;65.87
20;73;67.36
20;81;41.67
20;95;40.30
21;7;72.95
21;10;53.20
21;12;26.06
21;16;10.42
21;18;35.34
21;20;91.01
21;26;36.07
21;28;64.61
21;29;86.12
21;31;83.53
21;35;10.22
21;36;46.31
21;44;71.06
21;46;13.48
21;48;90.21
21;60;75.53
21;68;56.50
21;71;25.60
21;73;89.12
21;75;30.25
21;79;59.89
21;80;30.20
21;81;68.66
21;86;55.08
21;87;99.94
21;88;16.92
21;89;41.03
21;91;18.05
21;92;92.15
21;98;93.71
22;1;80.85
22;2;3.14
22;10;87.99
22;11;31.48
22;15;29.28
22;26;73.21
22;28;87.95
22;35;13.38
22;37;34.55
22;45;44.40
22;46;78.69
22;48;17.66
22;56;51.07
22;58;21.35
22;60;3.94
22;68;11.08
22;69;3.61
22;70;63.37
22;71;90.84
22;79;31.21
22;80;70.79
22;85;55.83
22;86;55.04
22;87;31.63
22;88;27.49
22;89;57.54
22;90;39.67
22;91;43.36
22;98;96.61
23;3;43.87
23;9;13.12
23;14;59.20
23;39;46.22
23;47;8.06
23;49;89.14
23;51;28.52
23;52;5.33
23;57;82.80
23;64;88.84
23;65;54.59
23;72;33.31
23;74;94.94
23;94;36.05
23;96;75.98
24;0;78.21
24;8;38.20
24;14;31.67
24;32;81.14
24;33;77.96
24;34;65.68
24;40;7.11
24;42;16.80
24;43;2.09
24;51;93.18
24;52;93.22
24;53;37.73
24;54;96.96
24;56;62.25
24;61;73.51
24;64;67.86
24;66;82.93
24;76;31.26
24;82;36.14
24;83;88.87
24;84;72.96
24;90;76.34
24;93;85.42
24;94;29.88
24;96;76.75
24;97;74.17
25;3;43.97
25;6;90.86
25;9;51.13
25;17;35.34
25;39;15.79
25;57;71.46
25;65;12.95
25;72;54.32
25;74;17.30
25;77;17.46
25;78;91.46
26;1;1.13
26;4;70.04
26;5;75.87
26;7;31.33
26;10;61.18
26;11;71.78
26;15;3.56
26;21;36.07
26;22;73.21
26;27;21.60
26;28;35.74
26;31;19.06
26;35;33.40
26;36;36.96
26;37;70.52
26;41;21.89
26;44;48.02
26;45;56.51
26;46;23.40
26;48;55.30
26;60;2.79
26;63;80.78
26;68;53.22
26;69;64.71
26;71;27.16
26;73;43.02
26;75;19.86
26;79;85.06
26;80;37.65
26;81;51.32
26;86;88.84
26;87;36.70
26;88;29.54
26;89;7.22
26;91;20.22
26;98;26.38
27;1;45.37
27;4;66.97
27;5;30.71
27;11;21.41
27;15;76.93
27;26;21.60
27;36;12.33
27;41;62.25
27;45;80.37
27;48;94.23
27;63;71.88
27;75;19.64
27;79;45.96
27;87;82.25
27;98;20.96
28;1;80.16
28;4;51.80
28;10;49.00
28;11;10.27
28;15;49.70
28;21;64.61
28;22;87.95
28;26;35.74
28;31;22.41
28;35;40.10
28;37;77.03
28;41;45.19
28;44;66.75
28;45;40.38
28;46;84.05
28;48;10.27
28;58;81.22
28;60;87.55
28;68;15.93
28;69;63.91
28;71;59.57
28;75;2.36
28;79;91.95
28;80;21.38
28;81;79.04
28;86;10.48
28;87;63.32
28;88;66.05
28;89;13.01
28;91;62.05
28;98;80.56
29;6;69.41
29;12;85.96
29;16;12.53
29;18;34.48
29;20;46.15
29;21;86.12
29;31;55.30
29;38;62.59
29;39;53.39
29;44;77.78
29;47;9.14
29;49;27.49
29;57;23.91
29;62;34.66
29;68;43.74
29;73;8.16
29;77;25.35
29;80;27.82
29;81;65.65
29;86;11.02
29;91;15.14
29;92;85.13
29;95;53.12
30;16;96.26
30;18;38.05
30;19;6.61
30;20;21.81
30;62;50.46
30;67;74.51
30;95;19.66
31;7;6.71
31;12;9.86
31;16;66.50
31;18;45.57
31;20;35.49
31;21;83.53
31;26;19.06
31;28;22.41
31;29;55.30
31;35;74.84
31;38;82.89
31;44;11.41
31;46;15.59
31;48;95.00
31;60;46.31
31;68;3.05
31;71;71.60
31;73;53.45
31;75;7.74
31;80;94.71
31;81;44.26
31;86;54.07
31;88;68.10
31;89;23.70
31;91;58.65
31;92;6.13
32;0;7.43
32;2;9.75
32;8;27.23
32;14;76.54
32;24;81.14
32;33;61.16
32;34;37.72
32;40;93.34
32;42;17.10
32;43;59.33
32;51;8.87
32;52;75.66
32;53;67.33
32;54;25.59
32;56;78.75
32;61;42.52
32;64;48.06
32;68;53.03
32;76;4.39
32;82;21.79
32;83;47.22
32;84;42.16
32;85;80.47
32;90;43.94
32;93;71.66
32;94;99.64
32;96;22.57
32;97;56.49
33;0;72.67
33;8;91.01
33;13;33.66
33;14;92.19
33;24;77.96
33;32;61.16
33;34;50.97
33;40;38.77
33;42;37.65
33;43;58.23
33;53;68.15
33;54;68.56
33;56;55.79
33;61;89.06
33;64;85.84
33;66;93.98
33;76;43.67
33;82;45.09
33;83;79.54
33;84;3.06
33;90;31.80
33;93;7.73
33;94;19.65
33;96;43.98
33;97;68.91
34;0;95.50
34;8;28.70
34;13;9.40
34;14;36.52
34;24;65.68
34;32;37.72
34;33;50.97
34;42;80.26
34;43;7.93
34;51;73.26
34;53;93.11
34;54;60.94
34;61;69.58
34;64;72.27
34;66;14.68
34;76;80.75
34;82;9.63
34;83;79.95
34;90;98.72
34;93;43.33
34;94;94.24
34;96;12.08
34;97;2.50
35;1;90.93
35;2;96.46
35;10;2.16
35;11;2.68
35;15;54.07
35;21;10.22
35;22;13.38
35;26;33.40
35;28;40.10
35;31;74.84
35;37;11.78
35;41;20.79
35;45;98.26
35;46;51.47
35;48;69.48
35;56;80.83
35;58;44.35
35;60;76.08
35;68;1.54
35;69;82.30
35;71;55.47
35;75;65.67
35;79;5.49
35;80;89.28
35;85;22.75
35;86;48.31
35;87;81.98
35;88;39.11
35;89;80.28
35;91;59.60
35;98;8.28
36;4;68.46
36;7;23.08
36;15;98.61
36;16;39.51
36;18;12.50
36;19;93.71
36;20;88.84
36;21;46.31
36;26;36.96
36;27;12.33
36;41;64.75
36;44;19.59
36;48;18.04
36;50;17.71
36;59;92.98
36;63;42.07
36;73;56.69
36;75;27.27
36;79;55.12
36;80;23.24
36;81;73.16
36;87;28.55
36;88;78.54
36;89;2.79
36;91;72.37
36;98;17.03
37;1;83.65
37;2;10.40
37;10;62.82
37;11;64.11
37;15;93.75
37;22;34.55
37;26;70.52
37;28;77.03
37;35;11.78
37;41;12.59
37;45;97.25
37;46;12.57
37;48;91.41
37;58;10.49
37;60;92.33
37;69;73.31
37;70;74.45
37;71;90.23
37;79;7.44
37;85;86.98
37;86;79.25
37;87;3.26
37;88;99.42
37;89;70.76
37;91;57.71
37;98;6.30
37;99;79.31
38;6;14.82
38;12;12.64
38;29;62.59
38;31;82.89
38;39;44.57
38;47;32.06
38;49;46.00
38;57;26.63
38;65;67.17
38;68;6.32
38;73;72.81
38;74;40.88
38;77;47.28
38;78;13.12
38;80;76.59
38;92;96.64
38;95;11.72
39;3;73.66
39;6;77.13
39;9;1.19
39;12;5.75
39;17;13.87
39;23;46.22
39;25;15.79
39;29;53.39
39;38;44.57
39;47;82.66
39;49;35.83
39;51;38.45
39;57;39.99
39;65;84.18
39;72;34.13
39;74;43.56
39;77;32.86
39;78;95.68
39;92;98.22
40;2;19.21
40;8;79.26
40;13;45.33
40;24;7.11
40;32;93.34
40;33;38.77
40;42;37.27
40;43;46.71
40;53;55.32
40;54;70.13
40;61;7.51
40;66;26.00
40;70;42.52
40;76;93.03
40;83;71.92
40;84;23.73
40;85;20.00
40;90;67.09
40;93;72.15
40;97;89.79
41;1;79.97
41;4;63.63
41;5;80.29
41;10;89.79
41;11;52.96
41;15;57.26
41;26;21.89
41;27;62.25
41;28;45.19
41;35;20.79
41;36;64.75
41;37;12.59
41;45;57.93
41;48;54.13
41;63;33.33
41;69;91.68
41;75;50.01
41;79;92.98
41;87;78.19
41;88;87.20
41;89;58.29
41;98;42.85
41;99;48.14
42;0;39.16
42;2;25.68
42;8;28.60
42;13;26.38
42;24;16.80
42;32;17.10
42;33;37.65
42;34;80.26
42;40;37.27
42;43;57.36
42;52;53.84
42;53;38.20
42;54;40.19
42;56;81.72
42;58;81.63
42;61;53.02
42;66;7.08
42;70;6.23
42;76;66.57
42;82;41.92
42;83;17.81
42;84;27.67
42;85;90.39
42;90;49.38
42;93;9.54
42;94;43.32
42;97;86.91
43;0;13.99
43;8;95.69
43;13;27.17
43;14;17.56
43;24;2.09
43;32;59.33
43;33;58.23
43;34;7.93
43;40;46.71
43;42;57.36
43;51;64.53
43;52;28.35
43;53;20.52
43;54;44.20
43;56;45.04
43;61;88.92
43;64;46.08
43;66;89.10
43;76;78.96
43;82;92.09
43;83;75.04
43;90;24.53
43;93;61.86
43;94;2.38
43;96;71.40
43;97;43.66
44;7;6.33
44;16;86.36
44;18;51.31
44;19;4.16
44;20;57.16
44;21;71.06
44;26;48.02
44;28;66.75
44;29;77.78
44;31;11.41
44;36;19.59
44;46;95.54
44;48;38.18
44;50;58.50
44;59;84.17
44;60;2.30
44;62;52.11
44;68;83.35
44;71;53.78
44;73;67.31
44;75;54.11
44;79;92.11
44;80;29.92
44;81;8.17
44;86;21.29
44;87;77.68
44;88;93.41
44;89;81.53
44;91;56.38
44;92;55.50
44;95;62.81
45;1;99.40
45;4;17.00
45;5;84.89
45;10;34.34
45;11;24.07
45;15;3.84
45;22;44.40
45;26;56.51
45;27;80.37
45;28;40.38
45;35;98.26
45;37;97.25
45;41;57.93
45;48;31.44
45;55;88.32
45;58;86.35
45;69;31.81
45;79;28.64
45;85;19.88
45;87;96.48
45;88;63.69
45;98;89.24
45;99;33.13
46;10;90.24
46;12;37.73
46;15;6.00
46;21;13.48
46;22;78.69
46;26;23.40
46;28;84.05
46;31;15.59
46;35;51.47
46;37;12.57
46;44;95.54
46;48;96.65
46;52;7.15
46;56;36.79
46;58;57.39
46;60;17.17
46;68;38.10
46;69;30.11
46;71;71.53
46;73;3.77
46;75;82.36
46;79;45.03
46;80;85.03
46;81;45.48
46;86;78.03
46;87;47.22
46;88;59.12
46;89;7.38
46;91;83.86
46;92;84.42
46;98;63.90
47;0;52.05
47;9;38.49
47;12;21.12
47;14;85.13
47;23;8.06
47;29;9.14
47;38;32.06
47;39;82.66
47;49;54.61
47;51;5.75
47;52;69.81
47;57;12.59
47;64;4.06
47;65;72.39
47;68;95.52
47;72;20.25
47;74;91.67
47;77;88.80
47;92;20.03
47;93;39.35
47;94;66.39
48;1;96.36
48;4;39.02
48;5;91.35
48;7;92.41
48;10;19.24
48;11;42.42
48;15;90.58
48;16;68.38
48;21;90.21
48;22;17.66
48;26;55.30
48;27;94.23
48;28;10.27
48;31;95.00
48;35;69.48
48;36;18.04
48;37;91.41
48;41;54.13
48;44;38.18
48;45;31.44
48;46;96.65
48;60;42.45
48;63;67.81
48;68;73.36
48;69;46.17
48;71;97.45
48;73;89.70
48;75;42.31
48;79;36.05
48;80;57.43
48;81;64.16
48;86;87.55
48;87;56.53
48;88;92.26
48;89;51.21
48;91;47.77
48;98;3.00
49;0;47.17
49;9;41.46
49;12;4.03
49;14;43.00
49;23;89.14
49;29;27.49
49;38;46.00
49;39;35.83
49;47;54.61
49;51;10.18
49;52;83.36
49;57;19.81
49;64;52.08
49;65;53.50
49;68;88.51
49;72;88.09
49;74;9.37
49;77;27.14
49;92;37.72
49;93;99.88
49;94;61.05
50;7;10.32
50;16;89.96
50;18;81.60
50;19;91.97
50;20;78.97
50;36;17.71
50;44;58.50
50;59;40.67
50;62;44.19
50;63;19.34
50;67;92.55
50;73;39.87
50;81;40.16
51;0;25.86
51;9;82.76
51;12;31.41
51;14;34.66
51;23;28.52
51;24;93.18
51;32;8.87
51;34;73.26
51;39;38.45
51;43;64.53
51;47;5.75
51;49;10.18
51;52;2.29
51;53;95.64
51;54;49.18
51;56;84.01
51;57;65.91
51;61;22.32
51;64;41.53
51;65;44.29
51;72;60.18
51;74;14.01
51;82;17.50
51;93;14.05
51;94;72.74
51;96;83.78
52;0;58.71
52;8;81.75
52;12;81.54
52;14;84.18
52;23;5.33
52;24;93.22
52;32;75.66
52;42;53.84
52;43;28.35
52;46;7.15
52;47;69.81
52;49;83.36
52;51;2.29
52;53;56.34
52;54;7.67
52;56;84.72
52;60;41.57
52;61;38.58
52;64;96.99
52;68;73.42
52;71;23.63
52;82;58.12
52;83;28.42
52;86;84.67
52;93;5.55
52;94;62.92
52;96;75.13
53;0;14.16
53;8;48.29
53;13;85.92
53;14;50.02
53;24;37.73
53;32;67.33
53;33;68.15
53;34;93.11
53;40;55.32
53;42;38.20
53;43;20.52
53;51;95.64
53;52;56.34
53;54;76.66
53;56;63.46
53;61;63.65
53;64;41.18
53;66;79.76
53;76;88.83
53;82;84.17
53;83;68.98
53;84;68.03
53;90;29.90
53;93;58.70
53;94;89.58
53;96;15.38
53;97;7.29
54;0;82.54
54;8;91.20
54;13;50.25
54;14;58.77
54;24;96.96
54;32;25.59
54;33;68.56
54;34;60.94
54;40;70.13
54;42;40.19
54;43;44.20
54;51;49.18
54;52;7.67
54;53;76.66
54;56;69.86
54;61;96.33
54;64;4.34
54;66;54.96
54;76;20.57
54;82;45.85
54;83;23.05
54;90;11.98
54;93;72.36
54;94;25.49
54;96;84.61
54;97;49.26
55;1;98.32
55;5;90.08
55;11;22.67
55;15;62.22
55;45;88.32
55;99;42.08
56;0;42.94
56;2;75.70
56;8;78.92
56;12;78.49
56;14;18.95
56;22;51.07
56;24;62.25
56;32;78.75
56;33;55.79
56;35;80.83
56;42;81.72
56;43;45.04
56;46;36.79
56;51;84.01
56;52;84.72
56;53;63.46
56;54;69.86
56;58;86.28
56;60;34.12
56;61;90.42
56;64;65.01
56;68;38.78
56;71;62.52
56;76;13.95
56;82;97.15
56;83;53.25
56;84;5.09
56;85;46.06
56;86;4.95
56;90;53.27
56;91;48.98
56;93;56.20
56;94;90.36
57;3;33.14
57;6;55.76
57;9;88.69
57;12;52.33
57;17;73.53
57;23;82.80
57;25;71.46
57;29;23.91
57;38;26.63
57;39;39.99
57;47;12.59
57;49;19.81
57;51;65.91
57;65;54.31
57;72;18.31
57;74;15.75
57;77;29.33
57;78;57.65
57;92;80.16
58;2;15.59
58;10;83.07
58;15;55.89
58;22;21.35
58;28;81.22
58;35;44.35
58;37;10.49
58;42;81.63
58;45;86.35
58;46;57.39
58;56;86.28
58;60;84.25
58;69;23.33
58;70;38.11
58;71;98.52
58;84;87.21
58;85;52.65
58;90;45.70
58;98;79.14
59;4;52.69
59;7;99.38
59;16;52.20
59;18;10.01
59;19;91.24
59;20;61.17
59;36;92.98
59;44;84.17
59;50;40.67
59;62;11.03
59;63;66.93
59;73;7.50
59;75;43.14
59;81;13.97
60;10;26.57
60;12;83.15
60;15;55.08
60;21;75.53
60;22;3.94
60;26;2.79
60;28;87.55
60;31;46.31
60;35;76.08
60;37;92.33
60;44;2.30
60;46;17.17
60;48;42.45
60;52;41.57
60;56;34.12
60;58;84.25
60;68;56.00
60;69;48.81
60;71;15.32
60;73;42.19
60;79;94.71
60;80;14.04
60;81;37.51
60;86;82.95
60;87;77.53
60;88;43.89
60;89;97.59
60;91;84.69
60;92;12.32
60;98;12.17
61;0;65.87
61;8;24.64
61;14;89.34
61;24;73.51
61;32;42.52
61;33;89.06
61;34;69.58
61;40;7.51
61;42;53.02
61;43;88.92
61;51;22.32
61;52;38.58
61;53;63.65
61;54;96.33
61;56;90.42
61;64;14.04
61;66;94.68
61;76;31.62
61;82;35.12
61;83;26.98
61;84;49.36
61;90;37.19
61;93;47.11
61;94;99.15
61;96;37.38
61;97;78.98
62;7;37.74
62;16;99.79
62;18;96.08
62;19;43.96
62;20;34.15
62;29;34.66
62;30;50.46
62;44;52.11
62;50;44.19
62;59;11.03
62;67;85.32
62;73;98.33
62;81;91.67
62;95;16.06
63;4;68.38
63;5;22.28
63;7;18.39
63;15;86.91
63;19;19.78
63;26;80.78
63;27;71.88
63;36;42.07
63;41;33.33
63;48;67.81
63;50;19.34
63;59;66.93
63;75;15.56
63;79;49.01
63;87;35.86
63;88;17.57
63;89;99.38
63;98;17.89
64;0;88.37
64;8;16.21
64;14;41.76
64;23;88.84
64;24;67.86
64;32;48.06
64;33;85.84
64;34;72.27
64;43;46.08
64;47;4.06
64;49;52.08
64;51;41.53
64;52;96.99
64;53;41.18
64;54;4.34
64;56;65.01
64;61;14.04
64;72;55.03
64;82;42.59
64;83;16.06
64;93;36.70
64;94;78.61
64;96;28.63
64;97;56.72
65;3;24.00
65;6;5.69
65;9;35.91
65;12;28.50
65;17;6.63
65;23;54.59
65;25;12.95
65;38;67.17
65;39;84.18
65;47;72.39
65;49;53.50
65;51;44.29
65;57;54.31
65;72;6.29
65;74;2.60
65;77;1.53
65;78;52.90
66;8;98.79
66;13;59.80
66;24;82.93
66;33;93.98
66;34;14.68
66;40;26.00
66;42;7.08
66;43;89.10
66;53;79.76
66;54;54.96
66;61;94.68
66;76;61.28
66;82;8.41
66;83;65.33
66;84;41.14
66;90;28.69
66;94;7.61
66;96;41.62
66;97;56.66
67;16;50.30
67;18;27.27
67;19;18.15
67;20;65.87
67;30;74.51
67;50;92.55
67;62;85.32
67;95;3.69
68;0;66.64
68;12;99.13
68;21;56.50
68;22;11.08
68;26;53.22
68;28;15.93
68;29;43.74
68;31;3.05
68;32;53.03
68;35;1.54
68;38;6.32
68;44;83.35
68;46;38.10
68;47;95.52
68;48;73.36
68;49;88.51
68;52;73.42
68;56;38.78
68;60;56.00
68;71;96.17
68;73;99.66
68;80;6.64
68;81;2.63
68;86;66.75
68;88;40.85
68;89;72.19
68;91;71.11
68;92;26.99
68;93;25.67
69;1;20.12
69;2;88.50
69;10;70.59
69;11;30.95
69;15;86.68
69;22;3.61
69;26;64.71
69;28;63.91
69;35;82.30
69;37;73.31
69;41;91.68
69;45;31.81
69;46;30.11
69;48;46.17
69;58;23.33
69;60;48.81
69;70;39.92
69;71;54.75
69;79;79.23
69;85;25.65
69;86;68.80
69;87;86.63
69;88;15.05
69;89;64.91
69;91;5.31
69;98;29.56
69;99;4.67
70;2;21.11
70;22;63.37
70;37;74.45
70;40;42.52
70;42;6.23
70;58;38.11
70;69;39.92
70;76;77.49
70;84;67.27
70;85;61.56
70;90;35.71
71;10;20.13
71;12;30.83
71;21;25.60
71;22;90.84
71;26;27.16
71;28;59.57
71;31;71.60
71;35;55.47
71;37;90.23
71;44;53.78
71;46;71.53
71;48;97.45
71;52;23.63
71;56;62.52
71;58;98.52
71;60;15.32
71;68;96.17
71;69;54.75
71;73;2.48
71;79;91.53
71;80;5.14
71;81;98.53
71;86;74.39
71;87;51.32
71;88;75.10
71;89;13.86
71;91;99.56
71;92;30.25
71;98;31.02
72;3;80.71
72;9;61.49
72;14;34.98
72;23;33.31
72;25;54.32
72;39;34.13
72;47;20.25
72;49;88.09
72;51;60.18
72;57;18.31
72;64;55.03
72;65;6.29
72;74;45.77
73;7;49.64
73;16;86.54
73;18;89.82
73;19;31.18
73;20;67.36
73;21;89.12
73;26;43.02
73;29;8.16
73;31;53.45
73;36;56.69
73;38;72.81
73;44;67.31
73;46;3.77
73;48;89.70
73;50;39.87
73;59;7.50
73;60;42.19
73;62;98.33
73;68;99.66
73;71;2.48
73;75;76.30
73;80;91.62
73;81;25.78
73;86;52.22
73;88;28.97
73;89;60.03
73;91;24.42
73;92;93.31
73;95;86.11
74;3;52.48
74;6;51.32
74;9;88.76
74;17;79.21
74;23;94.94
74;25;17.30
74;38;40.88
74;39;43.56
74;47;91.67
74;49;9.37
74;51;14.01
74;57;15.75
74;65;2.60
74;72;45.77
74;77;70.84
74;78;69.97
75;4;25.78
75;5;12.39
75;7;71.86
75;10;43.58
75;15;96.46
75;16;53.05
75;19;13.57
75;21;30.25
75;26;19.86
75;27;19.64
75;28;2.36
75;31;7.74
75;35;65.67
75;36;27.27
75;41;50.01
75;44;54.11
75;46;82.36
75;48;42.31
75;59;43.14
75;63;15.56
75;73;76.30
75;79;3.44
75;80;98.22
75;81;27.96
75;86;33.62
75;87;69.39
75;88;44.89
75;89;98.91
75;91;72.77
75;98;58.40
76;0;51.54
76;2;41.60
76;8;8.29
76;13;1.09
76;24;31.26
76;32;4.39
76;33;43.67
76;34;80.75
76;40;93.03
76;42;66.57
76;43;78.96
76;53;88.83
76;54;20.57
76;56;13.95
76;61;31.62
76;66;61.28
76;70;77.49
76;82;81.63
76;83;60.01
76;84;1.15
76;85;44.72
76;90;63.69
76;93;59.31
76;94;4.53
76;96;88.95
76;97;19.38
77;3;57.90
77;6;50.80
77;9;29.34
77;17;89.05
77;25;17.46
77;29;25.35
77;38;47.28
77;39;32.86
77;47;88.80
77;49;27.14
77;57;29.33
77;65;1.53
77;74;70.84
77;78;12.74
78;3;77.37
78;6;15.53
78;9;61.50
78;17;42.01
78;25;91.46
78;38;13.12
78;39;95.68
78;57;57.65
78;65;52.90
78;74;69.97
78;77;12.74
79;1;95.27
79;4;89.65
79;5;27.38
79;7;78.24
79;10;70.35
79;11;48.75
79;15;21.64
79;21;59.89
79;22;31.21
79;26;85.06
79;27;45.96
79;28;91.95
79;35;5.49
79;36;55.12
79;37;7.44
79;41;92.98
79;44;92.11
79;45;28.64
79;46;45.03
79;48;36.05
79;60;94.71
79;63;49.01
79;69;79.23
79;71;91.53
79;75;3.44
79;80;23.02
79;81;41.88
79;86;52.64
79;87;86.26
79;88;15.28
79;89;37.51
79;91;45.99
79;98;28.64
79;99;47.19
80;7;7.33
80;10;94.59
80;12;11.13
80;16;4.44
80;18;92.43
80;21;30.20
80;22;70.79
80;26;37.65
80;28;21.38
80;29;27.82
80;31;94.71
80;35;89.28
80;36;23.24
80;38;76.59
80;44;29.92
80;46;85.03
80;48;57.43
80;60;14.04
80;68;6.64
80;71;5.14
80;73;91.62
80;75;98.22
80;79;23.02
80;81;60.05
80;86;91.76
80;87;66.63
80;88;19.76
80;89;65.04
80;91;40.08
80;92;62.22
80;98;64.23
81;7;77.42
81;12;38.43
81;16;55.83
81;18;73.53
81;19;57.70
81;20;41.67
81;21;68.66
81;26;51.32
81;28;79.04
81;29;65.65
81;31;44.26
81;36;73.16
81;44;8.17
81;46;45.48
81;48;64.16
81;50;40.16
81;59;13.97
81;60;37.51
81;62;91.67
81;68;2.63
81;71;98.53
81;73;25.78
81;75;27.96
81;79;41.88
81;80;60.05
81;86;82.58
81;87;27.70
81;88;54.70
81;89;9.60
81;91;4.69
81;92;83.25
82;0;34.94
82;8;21.61
82;13;17.02
82;14;43.65
82;24;36.14
82;32;21.79
82;33;45.09
82;34;9.63
82;42;41.92
82;43;92.09
82;51;17.50
82;52;58.12
82;53;84.17
82;54;45.85
82;56;97.15
82;61;35.12
82;64;42.59
82;66;8.41
82;76;81.63
82;83;10.76
82;90;86.34
82;93;60.27
82;94;57.17
82;96;25.72
82;97;96.88
83;0;54.80
83;2;55.11
83;8;38.61
83;13;4.27
83;14;18.99
83;24;88.87
83;32;47.22
83;33;79.54
83;34;79.95
83;40;71.92
83;42;17.81
83;43;75.04
83;52;28.42
83;53;68.98
83;54;23.05
83;56;53.25
83;61;26.98
83;64;16.06
83;66;65.33
83;76;60.01
83;82;10.76
83;84;41.17
83;85;84.58
83;90;53.59
83;93;78.82
83;94;93.56
83;96;28.98
83;97;38.01
84;2;65.27
84;8;20.94
84;13;21.04
84;24;72.96
84;32;42.16
84;33;3.06
84;40;23.73
84;42;27.67
84;53;68.03
84;56;5.09
84;58;87.21
84;61;49.36
84;66;41.14
84;70;67.27
84;76;1.15
84;83;41.17
84;85;32.49
84;90;66.42
84;93;42.16
85;2;76.45
85;10;69.91
85;22;55.83
85;32;80.47
85;35;22.75
85;37;86.98
85;40;20.00
85;42;90.39
85;45;19.88
85;56;46.06
85;58;52.65
85;69;25.65
85;70;61.56
85;76;44.72
85;83;84.58
85;84;32.49
85;90;75.33
86;10;52.08
86;12;98.49
86;15;14.03
86;21;55.08
86;22;55.04
86;26;88.84
86;28;10.48
86;29;11.02
86;31;54.07
86;35;48.31
86;37;79.25
86;44;21.29
86;46;78.03
86;48;87.55
86;52;84.67
86;56;4.95
86;60;82.95
86;68;66.75
86;69;68.80
86;71;74.39
86;73;52.22
86;75;33.62
86;79;52.64
86;80;91.76
86;81;82.58
86;87;94.66
86;88;48.18
86;89;19.19
86;91;84.43
86;92;37.50
86;98;63.97
87;1;44.76
87;4;7.84
87;5;45.41
87;7;63.12
87;10;94.79
87;11;65.34
87;15;98.27
87;21;99.94
87;22;31.63
87;26;36.70
87;27;82.25
87;28;63.32
87;35;81.98
87;36;28.55
87;37;3.26
87;41;78.19
87;44;77.68
87;45;96.48
87;46;47.22
87;48;56.53
87;60;77.53
87;63;35.86
87;69;86.63
87;71;51.32
87;75;69.39
87;79;86.26
87;80;66.63
87;81;27.70
87;86;94.66
87;88;12.83
87;89;96.35
87;91;66.83
87;98;6.98
88;4;13.33
88;7;15.67
88;10;94.86
88;11;2.84
88;15;16.09
88;16;56.62
88;21;16.92
88;22;27.49
88;26;29.54
88;28;66.05
88;31;68.10
88;35;39.11
88;36;78.54
88;37;99.42
88;41;87.20
88;44;93.41
88;45;63.69
88;46;59.12
88;48;92.26
88;60;43.89
88;63;17.57
88;68;40.85
88;69;15.05
88;71;75.10
88;73;28.97
88;75;44.89
88;79;15.28
88;80;19.76
88;81;54.70
88;86;48.18
88;87;12.83
88;89;91.55
88;91;80.89
88;98;92.24
89;4;36.72
89;7;26.18
89;10;45.52
89;15;72.66
89;16;25.74
89;21;41.03
89;22;57.54
89;26;7.22
89;28;13.01
89;31;23.70
89;35;80.28
89;36;2.79
89;37;70.76
89;41;58.29
89;44;81.53
89;46;7.38
89;48;51.21
89;60;97.59
89;63;99.38
89;68;72.19
89;69;64.91
89;71;13.86
89;73;60.03
89;75;98.91
89;79;37.51
89;80;65.04
89;81;9.60
89;86;19.19
89;87;96.35
89;88;91.55
89;91;83.73
89;98;16.57
90;0;80.51
90;2;72.55
90;8;50.01
90;13;93.52
90;22;39.67
90;24;76.34
90;32;43.94
90;33;31.80
90;34;98.72
90;40;67.09
90;42;49.38
90;43;24.53
90;53;29.90
90;54;11.98
90;56;53.27
90;58;45.70
90;61;37.19
90;66;28.69
90;70;35.71
90;76;63.69
90;82;86.34
90;83;53.59
90;84;66.42
90;85;75.33
90;93;2.89
90;94;95.89
90;97;3.42
91;7;91.98
91;10;87.92
91;12;85.95
91;15;1.39
91;21;18.05
91;22;43.36
91;26;20.22
91;28;62.05
91;29;15.14
91;31;58.65
91;35;59.60
91;36;72.37
91;37;57.71
91;44;56.38
91;46;83.86
91;48;47.77
91;56;48.98
91;60;84.69
91;68;71.11
91;69;5.31
91;71;99.56
91;73;24.42
91;75;72.77
91;79;45.99
91;80;40.08
91;81;4.69
91;86;84.43
91;87;66.83
91;88;80.89
91;89;83.73
91;92;69.08
91;98;46.58
92;12;40.60
92;16;63.94
92;18;42.65
92;21;92.15
92;29;85.13
92;31;6.13
92;38;96.64
92;39;98.22
92;44;55.50
92;46;84.42
92;47;20.03
92;49;37.72
92;57;80.16
92;60;12.32
92;68;26.99
92;71;30.25
92;73;93.31
92;80;62.22
92;81;83.25
92;86;37.50
92;91;69.08
92;95;97.57
93;0;59.25
93;8;79.60
93;12;10.84
93;14;10.19
93;24;85.42
93;32;71.66
93;33;7.73
93;34;43.33
93;40;72.15
93;42;9.54
93;43;61.86
93;47;39.35
93;49;99.88
93;51;14.05
93;52;5.55
93;53;58.70
93;54;72.36
93;56;56.20
93;61;47.11
93;64;36.70
93;68;25.67
93;76;59.31
93;82;60.27
93;83;78.82
93;84;42.16
93;90;2.89
93;94;84.36
93;96;2.42
93;97;78.13
94;0;91.12
94;8;44.43
94;14;64.21
94;23;36.05
94;24;29.88
94;32;99.64
94;33;19.65
94;34;94.24
94;42;43.32
94;43;2.38
94;47;66.39
94;49;61.05
94;51;72.74
94;52;62.92
94;53;89.58
94;54;25.49
94;56;90.36
94;61;99.15
94;64;78.61
94;66;7.61
94;76;4.53
94;82;57.17
94;83;93.56
94;90;95.89
94;93;84.36
94;96;97.45
94;97;72.80
95;16;90.69
95;18;56.43
95;19;45.53
95;20;40.30
95;29;53.12
95;30;19.66
95;38;11.72
95;44;62.81
95;62;16.06
95;67;3.69
95;73;86.11
95;92;97.57
96;0;72.99
96;8;4.12
96;14;55.00
96;23;75.98
96;24;76.75
96;32;22.57
96;33;43.98
96;34;12.08
96;43;71.40
96;51;83.78
96;52;75.13
96;53;15.38
96;54;84.61
96;61;37.38
96;64;28.63
96;66;41.62
96;76;88.95
96;82;25.72
96;83;28.98
96;93;2.42
96;94;97.45
96;97;74.19
97;0;48.14
97;8;78.52
97;13;82.60
97;14;74.55
97;24;74.17
97;32;56.49
97;33;68.91
97;34;2.50
97;40;89.79
97;42;86.91
97;43;43.66
97;53;7.29
97;54;49.26
97;61;78.98
97;64;56.72
97;66;56.66
97;76;19.38
97;82;96.88
97;83;38.01
97;90;3.42
97;93;78.13
97;94;72.80
97;96;74.19
98;1;38.37
98;4;78.70
98;5;34.31
98;10;79.23
98;11;51.42
98;15;38.02
98;21;93.71
98;22;96.61
98;26;26.38
98;27;20.96
98;28;80.56
98;35;8.28
98;36;17.03
98;37;6.30
98;41;42.85
98;45;89.24
98;46;63.90
98;48;3.00
98;58;79.14
98;60;12.17
98;63;17.89
98;69;29.56
98;71;31.02
98;75;58.40
98;79;28.64
98;80;64.23
98;86;63.97
98;87;6.98
98;88;92.24
98;89;16.57
98;91;46.58
98;99;14.12
99;1;2.15
99;5;88.25
99;10;41.25
99;11;20.64
99;15;12.06
99;37;79.31
99;41;48.14
99;45;33.13
99;55;42.08
99;69;4.67
99;79;47.19
99;98;14.12
