source;target;label
0;73;16.12
0;152;38.75
0;154;11.70
0;200;62.92
0;349;25.67
0;422;64.83
0;457;65.66
0;475;27.41
0;479;79.81
1;7;87.01
1;32;59.33
1;116;55.96
1;316;26.60
1;326;15.91
1;334;18.13
1;346;23.88
1;368;20.56
1;402;44.66
2;50;48.63
2;122;48.92
2;144;78.88
2;147;94.55
2;164;79.08
2;165;47.38
2;181;40.78
2;187;40.56
2;208;38.00
2;222;28.68
2;360;41.61
2;384;84.33
2;470;31.26
3;57;9.78
3;132;26.96
3;203;1.55
3;238;3.76
3;305;15.55
3;371;77.86
3;426;34.56
3;460;91.89
3;494;44.94
4;39;7.07
4;51;90.87
4;76;6.60
4;128;2.30
4;132;15.68
4;221;69.99
4;299;50.44
4;417;7.59
4;464;85.78
5;31;45.32
5;35;43.43
5;98;13.16
5;154;27.56
5;233;14.19
5;268;5.13
5;314;50.60
5;317;59.75
5;336;1.16
5;380;2.39
5;394;72.77
5;473;82.73
6;8;6.90
6;90;49.22
6;175;18.07
6;245;10.35
6;268;28.04
6;499;36.35
7;1;87.01
7;83;20.29
7;148;30.73
7;164;16.71
7;165;2.71
7;212;35.46
7;300;80.41
7;340;18.57
7;387;96.58
7;395;13.54
8;6;6.90
8;70;90.41
8;129;36.09
8;186;6.65
8;200;6.93
8;211;26.58
8;230;83.35
8;391;34.96
9;28;48.48
9;56;33.57
9;77;91.80
9;122;30.88
9;177;91.78
9;252;53.44
9;350;57.46
9;379;12.10
9;423;61.68
9;442;3.15
9;446;74.98
9;453;15.42
9;474;84.76
10;62;94.12
10;71;63.26
10;105;53.99
10;107;90.60
10;123;46.42
10;150;13.05
10;238;29.56
10;246;99.25
10;277;33.59
10;282;3.60
10;323;65.18
10;382;18.60
11;14;12.14
11;53;87.75
11;100;97.26
11;103;21.62
11;181;87.89
11;222;58.23
11;269;73.00
11;324;6.92
11;366;82.52
11;372;23.85
11;384;57.82
11;431;63.87
11;489;78.95
12;51;98.00
12;66;64.96
12;146;17.21
12;194;17.90
12;334;22.53
12;468;46.61
13;36;56.76
13;103;16.69
13;148;83.24
13;215;23.78
13;226;60.47
13;231;64.84
13;248;77.48
13;265;91.52
13;276;57.94
13;316;88.71
13;355;44.51
13;357;67.78
13;404;12.52
13;421;65.07
13;438;57.36
13;484;2.65
14;11;12.14
14;23;46.08
14;28;8.29
14;92;54.56
14;203;86.13
14;324;81.70
14;452;15.98
14;480;10.21
15;76;24.80
15;105;79.47
15;153;97.65
15;173;13.36
15;220;32.01
15;255;84.69
15;268;66.11
15;295;41.97
15;426;65.06
15;428;16.29
15;467;35.35
16;32;69.54
16;63;47.84
16;128;73.81
16;213;66.57
16;281;91.56
16;354;47.76
16;365;22.35
16;388;96.93
16;440;76.40
16;469;79.92
17;88;27.02
17;298;52.11
17;379;68.49
17;403;65.65
17;457;64.06
17;473;70.51
18;98;10.55
18;130;15.67
18;148;56.39
18;174;91.74
18;202;78.44
18;301;76.30
18;302;49.81
18;385;52.38
18;423;36.02
18;438;51.71
18;463;26.81
19;36;37.87
19;55;50.56
19;69;73.19
19;215;52.80
19;233;10.72
19;280;94.90
19;285;4.50
19;354;5.67
19;412;74.10
19;474;8.69
19;480;61.40
20;41;62.75
20;47;88.78
20;52;91.35
20;65;31.34
20;74;2.44
20;83;10.83
20;108;51.43
20;162;44.91
20;179;7.77
20;311;37.25
20;371;84.85
20;379;48.78
20;431;51.65
20;446;56.17
20;477;69.14
21;39;11.23
21;44;65.34
21;207;17.25
21;294;75.47
21;316;99.15
21;402;2.67
21;425;37.89
21;442;13.60
21;471;44.39
21;499;59.91
22;26;56.49
22;49;15.96
22;55;57.28
22;81;20.50
22;115;91.08
22;165;27.97
22;239;41.11
22;322;6.94
22;338;94.39
22;357;20.58
22;435;87.44
22;449;86.42
22;455;14.01
23;14;46.08
23;26;7.71
23;29;61.04
23;79;33.44
23;310;52.14
23;316;99.30
23;320;89.91
23;343;7.37
23;368;92.41
23;418;54.16
23;495;90.23
24;65;88.70
24;163;88.57
24;182;6.39
24;269;90.92
24;315;61.67
24;498;38.84
25;43;91.61
25;99;27.65
25;120;55.75
25;187;56.50
25;277;15.80
25;310;95.41
25;316;7.96
25;326;62.98
25;368;98.37
25;398;2.05
25;418;54.63
26;22;56.49
26;23;7.71
26;91;57.06
26;110;72.52
26;132;76.64
26;166;28.44
26;192;33.64
26;193;84.36
26;282;25.05
26;304;39.91
26;313;15.70
26;338;28.38
26;382;39.94
26;387;96.11
26;396;86.31
26;424;81.99
27;65;1.26
27;109;95.57
27;122;14.92
27;188;96.87
27;271;22.33
27;364;12.87
27;440;91.86
27;458;22.38
27;467;85.96
28;9;48.48
28;14;8.29
28;69;10.50
28;115;82.48
28;198;99.85
28;217;71.04
28;225;3.59
28;266;4.56
28;285;52.80
28;328;29.73
28;417;15.61
28;427;50.79
28;434;97.70
28;460;49.74
29;23;61.04
29;261;60.13
29;451;23.18
29;480;77.90
30;130;54.32
30;202;4.70
30;224;50.37
30;242;7.78
30;322;4.18
30;329;98.62
30;345;3.29
31;5;45.32
31;65;3.42
31;130;21.45
31;150;25.17
31;233;14.86
31;263;81.55
31;296;88.74
31;371;42.12
31;439;71.78
31;491;24.49
32;1;59.33
32;16;69.54
32;71;3.13
32;129;98.75
32;155;43.65
32;164;22.45
32;203;79.32
32;435;87.11
32;446;9.32
33;76;2.91
33;107;30.78
33;113;29.87
33;130;60.94
33;132;34.59
33;137;31.43
33;290;34.89
33;322;88.74
33;328;49.65
33;331;87.92
33;339;4.67
33;453;29.98
34;53;26.96
34;72;29.76
34;197;42.55
34;236;47.63
34;278;32.08
34;321;6.61
35;5;43.43
35;68;12.60
35;114;18.90
35;144;61.20
35;209;32.16
35;218;64.80
35;334;54.06
35;445;97.59
36;13;56.76
36;19;37.87
36;71;51.28
36;259;89.62
36;334;31.80
36;485;28.89
37;100;77.55
37;135;9.61
37;149;12.93
37;223;12.43
37;282;30.64
37;435;93.09
37;461;7.14
37;478;69.62
38;134;65.74
38;137;97.82
38;210;27.54
38;213;2.28
38;267;65.93
38;269;90.58
38;289;35.39
38;299;46.10
38;342;29.32
39;4;7.07
39;21;11.23
39;107;31.75
39;144;36.84
39;244;42.43
39;297;54.08
39;326;55.63
39;330;28.25
39;360;87.97
39;390;67.76
39;433;62.29
39;465;78.43
39;475;22.61
40;50;19.19
40;130;34.01
40;151;79.95
40;171;67.55
40;202;2.90
40;323;27.71
40;338;6.96
40;392;16.99
40;438;47.53
40;440;26.72
40;455;30.11
41;20;62.75
41;51;43.88
41;71;20.33
41;124;18.13
41;127;85.09
41;129;75.81
41;170;4.91
41;178;44.79
41;187;95.34
41;190;9.88
41;223;25.34
41;249;72.89
41;267;39.42
41;278;22.53
41;323;18.25
41;379;25.68
41;422;23.24
42;62;4.78
42;78;87.17
42;276;40.51
42;291;66.28
42;317;16.39
43;25;91.61
43;83;52.93
43;109;54.84
43;159;60.26
43;165;31.91
43;224;60.80
43;254;7.49
43;332;19.56
43;389;44.27
43;394;62.37
44;21;65.34
44;65;88.68
44;100;26.30
44;182;79.01
44;258;4.26
44;261;82.26
44;290;48.89
44;335;45.19
44;357;36.74
44;358;76.46
44;382;94.36
44;396;73.76
44;400;75.09
44;427;4.37
44;497;89.72
45;212;84.36
45;260;98.64
45;286;88.03
45;314;88.78
45;326;8.45
45;368;67.98
46;78;35.01
46;131;39.74
46;171;86.86
46;200;2.13
46;229;29.04
46;237;13.99
46;299;41.99
46;330;54.76
46;383;6.65
46;436;70.44
46;446;48.93
46;475;14.05
46;499;70.07
47;20;88.78
47;116;37.39
47;162;42.31
47;195;15.25
47;258;77.62
47;443;97.97
47;455;37.74
47;473;99.39
48;57;34.33
48;93;74.39
48;192;79.07
48;301;67.14
48;313;71.28
48;342;78.03
48;370;90.55
48;418;88.00
48;430;45.87
48;437;35.92
49;22;15.96
49;77;15.85
49;109;34.35
49;110;77.13
49;132;80.95
49;147;23.85
49;239;90.58
49;289;69.51
49;298;74.77
49;369;30.33
49;460;44.90
50;2;48.63
50;40;19.19
50;94;39.16
50;104;52.47
50;140;83.13
50;265;56.99
50;307;21.33
50;356;13.76
50;399;74.69
50;434;70.29
50;467;23.67
51;4;90.87
51;12;98.00
51;41;43.88
51;133;16.11
51;151;29.53
51;244;78.73
51;288;75.26
51;301;81.48
51;393;33.88
51;458;16.56
52;20;91.35
52;90;80.36
52;115;56.41
52;174;16.40
52;183;21.66
52;220;64.35
52;251;89.95
52;283;16.67
52;348;51.46
52;364;38.49
52;382;61.83
52;435;46.02
53;11;87.75
53;34;26.96
53;125;89.84
53;207;48.01
53;230;15.13
53;233;96.42
53;302;90.04
53;372;52.38
53;374;70.07
53;424;53.80
54;69;9.69
54;70;15.48
54;86;91.29
54;219;82.48
54;314;50.75
54;457;26.13
55;19;50.56
55;22;57.28
55;144;97.35
55;210;57.29
55;212;97.10
55;307;77.46
55;323;34.05
55;363;51.00
55;475;38.85
56;9;33.57
56;66;77.30
56;124;88.26
56;153;98.90
56;192;72.92
56;225;32.01
56;261;40.37
56;349;35.88
56;428;62.73
57;3;9.78
57;48;34.33
57;59;69.76
57;67;92.64
57;118;31.39
57;142;85.80
57;201;76.33
57;229;45.68
57;279;40.81
57;312;35.76
57;317;43.35
57;321;85.63
57;403;86.60
57;433;98.83
57;472;31.63
57;477;87.57
57;483;65.14
58;113;81.77
58;116;77.52
58;155;14.87
58;170;35.13
58;259;39.42
58;387;33.66
58;437;42.62
58;452;68.64
59;57;69.76
59;94;6.07
59;182;6.51
59;241;10.00
59;383;52.59
59;439;3.25
59;461;8.36
60;115;70.72
60;193;57.52
60;274;75.47
60;290;10.73
60;296;88.39
60;312;71.14
60;352;55.03
60;413;39.06
60;471;38.41
60;482;52.07
61;109;10.89
61;203;48.16
61;214;46.91
61;232;68.69
61;277;72.66
61;279;92.76
61;321;18.23
61;429;95.81
62;10;94.12
62;42;4.78
62;63;95.32
62;74;82.02
62;114;67.91
62;146;55.34
62;165;7.06
62;274;92.78
62;308;28.54
62;336;29.85
62;342;9.80
62;357;15.42
62;403;94.88
62;441;76.63
62;462;49.82
63;16;47.84
63;62;95.32
63;77;95.53
63;103;82.12
63;115;44.57
63;153;70.82
63;175;42.83
63;263;80.01
63;324;33.27
63;354;41.81
63;391;9.63
63;398;26.98
63;402;82.26
64;124;48.85
64;229;52.45
64;248;44.36
64;298;17.04
64;359;65.74
64;394;77.81
64;413;17.81
64;428;34.15
64;464;8.31
65;20;31.34
65;24;88.70
65;27;1.26
65;31;3.42
65;44;88.68
65;109;21.65
65;136;80.44
65;137;79.98
65;177;77.63
65;199;42.51
65;208;11.60
65;209;23.53
65;277;92.41
65;325;57.30
65;347;15.09
66;12;64.96
66;56;77.30
66;164;22.32
66;168;66.99
66;334;65.50
66;337;69.80
66;430;81.15
66;478;32.72
66;496;69.00
67;57;92.64
67;84;15.41
67;113;28.75
67;213;84.23
67;233;79.69
67;312;74.40
67;329;31.56
67;346;92.15
67;400;25.73
67;414;65.13
67;416;15.29
67;476;95.77
68;35;12.60
68;74;52.30
68;120;30.31
68;187;11.43
68;191;94.27
68;267;50.19
68;333;60.97
68;374;88.88
68;398;23.60
68;399;45.46
68;472;46.15
69;19;73.19
69;28;10.50
69;54;9.69
69;100;26.20
69;262;18.78
69;265;86.77
69;344;99.30
69;390;95.67
69;412;39.60
69;438;28.19
69;453;17.93
70;8;90.41
70;54;15.48
70;76;47.52
70;78;9.85
70;95;82.30
70;128;81.07
70;168;55.04
70;255;95.46
70;266;74.04
70;384;94.86
70;422;4.82
70;430;33.22
71;10;63.26
71;32;3.13
71;36;51.28
71;41;20.33
71;126;41.97
71;133;43.76
71;246;47.68
71;387;78.29
71;393;50.58
72;34;29.76
72;102;13.20
72;118;55.02
72;126;38.82
72;344;70.50
72;395;66.94
72;460;16.60
73;0;16.12
73;107;99.77
73;179;58.69
73;284;58.20
73;299;71.31
73;304;67.42
73;316;61.71
73;332;66.39
73;368;31.60
73;486;42.38
74;20;2.44
74;62;82.02
74;68;52.30
74;81;90.09
74;273;42.08
74;288;48.70
74;299;18.31
74;337;79.04
74;432;43.50
75;86;5.19
75;142;11.71
75;213;11.89
75;389;86.17
75;401;58.26
75;435;93.93
75;448;64.56
75;452;83.35
75;477;75.40
76;4;6.60
76;15;24.80
76;33;2.91
76;70;47.52
76;283;28.64
76;287;18.04
76;353;2.92
76;360;80.61
76;402;72.48
76;446;17.12
76;450;41.04
76;463;69.60
77;9;91.80
77;49;15.85
77;63;95.53
77;132;53.82
77;192;59.86
77;200;9.27
77;225;3.62
77;303;19.20
77;364;72.23
77;375;71.34
77;442;11.35
77;445;22.10
78;42;87.17
78;46;35.01
78;70;9.85
78;81;5.86
78;95;53.12
78;120;10.31
78;311;25.76
78;381;93.92
78;437;35.81
78;492;76.42
79;23;33.44
79;99;31.49
79;123;91.10
79;319;77.26
79;487;94.50
80;158;53.98
80;163;67.55
80;181;55.07
80;235;36.25
80;240;92.77
80;250;8.75
80;262;75.97
80;298;21.74
80;344;84.10
80;359;51.87
80;444;99.80
80;455;66.36
81;22;20.50
81;74;90.09
81;78;5.86
81;120;64.99
81;175;97.11
81;186;93.65
81;227;83.92
81;381;58.72
81;460;55.91
82;262;32.45
82;278;81.33
82;336;75.57
82;359;44.10
82;383;52.48
82;396;36.41
82;407;31.79
82;413;56.63
82;474;99.16
83;7;20.29
83;20;10.83
83;43;52.93
83;188;96.39
83;207;5.35
83;216;37.14
83;230;1.90
83;251;29.27
83;258;16.83
83;310;95.35
83;370;25.43
83;409;34.38
84;67;15.41
84;132;31.23
84;166;42.96
84;167;21.24
84;174;89.35
84;207;34.52
84;221;83.16
84;264;20.54
84;304;99.25
84;357;95.22
84;362;28.79
84;456;52.78
85;129;71.96
85;170;2.41
85;202;77.61
85;231;59.81
85;441;25.10
86;54;91.29
86;75;5.19
86;141;86.63
86;152;98.97
86;154;16.59
86;193;69.89
86;210;68.82
86;224;16.51
86;242;49.78
86;275;74.27
86;335;37.21
86;347;5.45
86;390;45.12
86;482;65.80
87;201;73.77
87;205;84.66
87;216;61.84
87;269;60.47
87;352;11.57
87;373;61.51
87;425;15.59
88;17;27.02
88;148;86.32
88;216;49.17
88;237;70.40
88;241;87.20
88;352;52.47
88;354;1.38
88;433;90.39
89;116;64.91
89;231;80.19
89;266;49.05
89;268;56.23
89;271;80.68
89;272;20.55
89;304;22.66
89;318;70.23
89;322;87.04
89;388;76.70
89;416;41.99
89;475;6.44
90;6;49.22
90;52;80.36
90;132;19.08
90;137;47.48
90;163;22.96
90;245;76.79
90;366;10.23
90;394;6.35
90;449;25.03
90;460;5.96
91;26;57.06
91;93;92.95
91;167;71.09
91;169;76.30
91;251;96.85
91;313;5.11
91;461;30.66
91;478;33.66
91;495;35.25
92;14;54.56
92;94;19.59
92;204;29.60
92;210;17.77
92;271;9.52
92;348;15.15
92;402;49.37
92;449;35.06
92;452;26.31
92;488;2.01
93;48;74.39
93;91;92.95
93;119;81.49
93;133;77.38
93;149;66.58
93;318;23.60
93;356;73.92
93;414;72.05
93;434;71.95
94;50;39.16
94;59;6.07
94;92;19.59
94;112;64.78
94;182;13.01
94;229;96.17
94;245;43.79
94;296;36.34
94;372;17.16
94;392;15.46
94;465;37.70
94;481;70.48
95;70;82.30
95;78;53.12
95;144;68.46
95;181;20.16
95;262;47.38
95;294;71.28
95;305;56.19
95;370;37.17
95;398;17.92
95;483;19.58
96;164;8.97
96;186;64.06
96;251;60.97
96;364;79.11
96;473;73.92
96;486;49.19
97;135;82.82
97;266;89.17
97;283;99.44
97;345;49.50
97;354;97.51
97;423;64.35
97;466;25.94
97;494;24.79
98;5;13.16
98;18;10.55
98;141;10.58
98;224;94.03
98;263;43.16
98;388;48.41
98;428;20.46
98;444;70.77
99;25;27.65
99;79;31.49
99;296;69.56
99;430;73.09
99;441;89.46
99;461;33.68
100;11;97.26
100;37;77.55
100;44;26.30
100;69;26.20
100;157;14.82
100;171;41.81
100;244;25.09
100;280;45.44
100;306;5.24
100;423;58.95
101;113;57.41
101;258;2.78
101;275;29.46
101;352;96.53
101;389;76.82
101;456;74.42
101;468;7.19
102;72;13.20
102;234;77.85
102;250;59.66
102;440;63.12
103;11;21.62
103;13;16.69
103;63;82.12
103;133;75.86
103;290;31.38
103;413;70.95
103;446;39.79
104;50;52.47
104;117;62.96
104;214;36.05
104;315;7.45
104;332;54.13
104;338;92.11
105;10;53.99
105;15;79.47
105;114;20.87
105;183;82.18
105;320;58.58
105;391;93.35
105;416;1.48
105;452;68.17
105;479;67.63
105;494;33.59
106;107;1.55
106;109;72.59
106;131;50.26
106;227;21.28
106;305;40.85
106;352;68.95
106;423;70.90
106;489;25.02
107;10;90.60
107;33;30.78
107;39;31.75
107;73;99.77
107;106;1.55
107;174;84.29
107;179;29.21
107;190;49.60
107;213;34.06
107;272;52.92
107;284;1.10
107;291;88.93
107;450;41.41
108;20;51.43
108;133;95.81
108;163;60.00
108;253;21.61
108;277;15.89
108;325;22.52
108;328;47.09
108;432;32.04
109;27;95.57
109;43;54.84
109;49;34.35
109;61;10.89
109;65;21.65
109;106;72.59
109;124;76.68
109;140;1.49
109;156;87.33
109;215;13.40
109;249;19.14
109;382;91.06
109;390;50.03
109;394;90.21
109;398;26.69
109;425;89.07
109;434;58.42
109;445;56.46
109;463;4.04
109;484;63.25
110;26;72.52
110;49;77.13
110;118;57.21
110;146;90.81
110;170;38.18
110;188;51.92
110;383;39.26
110;389;23.59
110;416;78.02
110;439;68.06
110;457;14.44
111;157;10.63
111;275;40.48
111;309;84.62
111;343;80.38
111;480;14.50
111;492;5.96
112;94;64.78
112;136;17.05
112;158;36.91
112;304;53.68
112;327;56.83
112;346;1.96
112;442;59.26
113;33;29.87
113;58;81.77
113;67;28.75
113;101;57.41
113;140;66.03
113;215;14.02
113;227;74.67
113;243;53.34
113;247;51.81
113;456;43.12
113;468;68.39
114;35;18.90
114;62;67.91
114;105;20.87
114;197;91.38
114;209;36.18
114;276;93.19
114;297;18.75
114;328;66.58
114;347;53.93
115;22;91.08
115;28;82.48
115;52;56.41
115;60;70.72
115;63;44.57
115;134;50.25
115;198;39.05
115;271;53.03
115;298;12.00
115;304;48.43
115;372;80.85
115;388;78.70
115;418;15.68
115;460;79.88
115;475;90.72
115;493;21.95
116;1;55.96
116;47;37.39
116;58;77.52
116;89;64.91
116;134;40.83
116;147;54.85
116;255;12.50
116;326;46.14
116;349;99.31
116;455;22.22
116;476;25.74
117;104;62.96
117;282;7.78
117;284;95.84
117;320;16.40
117;363;26.36
117;364;59.71
117;375;23.24
117;391;26.03
117;413;42.34
117;437;32.99
117;444;86.67
117;445;87.96
117;454;12.69
117;460;52.76
117;462;19.57
118;57;31.39
118;72;55.02
118;110;57.21
118;132;24.32
118;146;32.35
118;269;61.45
118;279;99.93
118;295;96.39
118;357;22.94
118;380;7.21
118;390;30.22
118;406;21.64
118;470;38.51
119;93;81.49
119;251;55.73
119;254;18.78
119;331;69.73
119;350;91.79
119;421;46.07
119;472;95.80
120;25;55.75
120;68;30.31
120;78;10.31
120;81;64.99
120;175;56.25
120;176;35.88
120;196;86.88
120;213;19.15
120;407;14.91
120;420;38.24
120;426;9.02
120;459;77.35
120;461;51.75
120;479;75.91
121;153;71.58
121;173;69.85
121;266;99.79
121;344;77.16
121;428;3.67
121;432;71.54
122;2;48.92
122;9;30.88
122;27;14.92
122;145;2.13
122;210;86.89
122;213;14.22
122;360;13.44
122;376;10.00
122;399;61.27
122;438;49.12
122;477;48.63
122;483;94.32
123;10;46.42
123;79;91.10
123;163;44.29
123;176;58.69
123;242;58.84
123;274;54.38
123;337;78.23
123;413;65.85
123;484;90.90
123;494;21.12
124;41;18.13
124;56;88.26
124;64;48.85
124;109;76.68
124;134;36.06
124;153;50.00
124;241;1.36
124;255;7.66
124;304;71.39
124;327;49.87
124;410;25.58
125;53;89.84
125;206;52.69
125;249;24.67
125;259;14.69
125;298;89.04
125;303;47.11
125;340;42.95
125;482;96.13
126;71;41.97
126;72;38.82
126;131;88.17
126;154;97.97
126;198;5.24
126;205;50.28
126;209;2.43
126;352;82.22
126;359;15.51
126;416;3.90
126;429;42.36
126;441;95.09
126;476;8.07
126;478;40.44
126;481;48.81
127;41;85.09
127;133;95.09
127;185;22.88
127;205;45.55
127;243;46.05
127;287;43.97
127;356;85.74
127;398;83.26
127;411;76.57
128;4;2.30
128;16;73.81
128;70;81.07
128;172;4.52
128;191;5.90
128;232;74.60
128;250;36.64
128;261;34.20
128;268;93.54
128;295;53.85
128;314;98.87
128;425;12.55
128;459;69.68
128;483;36.66
128;498;32.23
129;8;36.09
129;32;98.75
129;41;75.81
129;85;71.96
129;150;1.61
129;197;65.47
129;218;71.17
129;237;95.38
129;251;31.32
129;276;72.45
129;359;99.55
129;366;39.33
130;18;15.67
130;30;54.32
130;31;21.45
130;33;60.94
130;40;34.01
130;137;95.09
130;138;78.40
130;365;52.40
130;371;98.15
131;46;39.74
131;106;50.26
131;126;88.17
131;136;77.34
131;143;44.40
131;151;3.98
131;159;96.48
131;170;11.08
131;226;95.38
131;235;84.48
131;258;93.41
131;262;81.20
131;266;14.32
131;272;47.23
131;295;44.67
131;346;85.09
131;411;56.69
131;489;74.29
132;3;26.96
132;4;15.68
132;26;76.64
132;33;34.59
132;49;80.95
132;77;53.82
132;84;31.23
132;90;19.08
132;118;24.32
132;162;28.12
132;182;37.57
132;267;5.43
132;312;14.91
132;460;53.01
132;492;25.46
132;495;54.33
133;51;16.11
133;71;43.76
133;93;77.38
133;103;75.86
133;108;95.81
133;127;95.09
133;163;66.10
133;189;17.12
133;234;19.75
133;334;20.28
134;38;65.74
134;115;50.25
134;116;40.83
134;124;36.06
134;278;3.44
134;293;20.14
134;383;87.65
134;449;58.94
135;37;9.61
135;97;82.82
135;186;85.36
135;232;90.17
135;255;32.55
135;307;77.13
135;386;13.74
135;485;9.31
136;65;80.44
136;112;17.05
136;131;77.34
136;164;21.47
136;179;55.47
136;256;93.62
136;291;21.65
136;326;52.27
136;434;65.28
136;435;45.22
136;470;27.75
136;481;92.46
137;33;31.43
137;38;97.82
137;65;79.98
137;90;47.48
137;130;95.09
137;260;72.72
137;337;54.68
137;475;60.63
138;130;78.40
138;249;33.26
138;356;25.16
138;400;27.04
138;470;50.85
138;474;1.85
138;485;98.16
139;145;25.59
139;171;76.19
139;200;84.08
139;237;61.34
139;279;43.61
139;334;88.97
139;392;3.28
140;50;83.13
140;109;1.49
140;113;66.03
140;206;95.44
140;260;86.33
140;262;67.90
140;299;12.38
140;313;2.23
140;328;24.93
140;379;33.81
140;411;89.53
141;86;86.63
141;98;10.58
141;171;42.65
141;176;49.26
141;198;77.78
141;220;94.53
141;300;77.29
141;419;82.39
141;434;47.78
141;449;36.30
141;472;74.00
141;479;13.55
142;57;85.80
142;75;11.71
142;313;61.63
142;335;96.94
142;366;54.70
142;372;37.87
143;131;44.40
143;262;88.07
143;450;10.73
143;492;85.18
144;2;78.88
144;35;61.20
144;39;36.84
144;55;97.35
144;95;68.46
144;193;9.56
144;229;64.10
144;261;75.16
144;264;78.30
144;283;70.60
144;304;87.63
144;356;55.44
144;359;85.71
144;400;82.74
144;411;32.97
144;430;47.72
144;443;64.88
144;495;58.22
145;122;2.13
145;139;25.59
145;177;54.71
145;202;22.64
145;214;37.60
145;381;64.23
145;436;26.64
145;442;38.59
145;476;1.00
146;12;17.21
146;62;55.34
146;110;90.81
146;118;32.35
146;169;50.30
146;242;9.33
146;262;41.96
146;469;40.84
147;2;94.55
147;49;23.85
147;116;54.85
147;159;16.88
147;170;37.20
147;252;59.23
147;253;40.49
147;298;22.17
147;338;14.87
147;344;87.89
147;365;86.45
148;7;30.73
148;13;83.24
148;18;56.39
148;88;86.32
148;168;75.69
148;170;8.20
148;210;93.65
148;257;65.47
148;261;72.85
148;263;23.63
148;274;4.18
148;287;36.84
148;316;1.79
148;382;58.79
148;417;14.31
148;433;89.78
148;495;96.10
149;37;12.93
149;93;66.58
149;182;48.91
149;196;85.07
149;411;12.47
149;444;83.72
149;462;54.99
149;481;61.81
150;10;13.05
150;31;25.17
150;129;1.61
150;153;99.36
150;167;83.93
150;281;94.45
150;282;76.91
150;371;46.51
150;455;90.28
151;40;79.95
151;51;29.53
151;131;3.98
151;152;79.07
151;220;25.92
151;271;61.26
151;304;94.72
151;322;47.99
151;338;41.51
151;345;91.37
151;359;75.12
151;458;12.12
151;466;54.21
151;488;94.41
152;0;38.75
152;86;98.97
152;151;79.07
152;224;92.28
152;241;67.21
152;258;19.85
152;260;68.98
152;347;48.67
152;416;6.87
152;447;5.95
153;15;97.65
153;56;98.90
153;63;70.82
153;121;71.58
153;124;50.00
153;150;99.36
153;238;64.20
153;369;11.18
153;392;6.67
153;415;76.04
153;427;68.25
153;465;78.35
153;474;62.29
153;480;22.92
153;497;93.11
154;0;11.70
154;5;27.56
154;86;16.59
154;126;97.97
154;155;97.49
154;156;78.44
154;161;8.11
154;356;93.35
154;424;67.70
154;426;27.38
154;459;4.34
155;32;43.65
155;58;14.87
155;154;97.49
155;186;6.41
155;190;75.95
155;217;39.06
155;228;43.26
155;280;96.41
155;320;37.14
155;341;13.01
155;363;6.14
155;464;40.86
156;109;87.33
156;154;78.44
156;197;17.99
156;211;75.70
156;227;55.60
156;243;69.65
156;275;21.94
156;348;5.85
156;352;57.03
156;357;60.56
156;393;63.74
156;458;62.51
156;464;47.29
157;100;14.82
157;111;10.63
157;187;62.04
157;423;24.58
157;498;13.89
158;80;53.98
158;112;36.91
158;181;27.94
158;189;87.17
158;256;12.86
158;284;45.39
158;303;66.39
158;331;76.77
158;450;2.98
158;487;29.54
159;43;60.26
159;131;96.48
159;147;16.88
159;167;16.41
159;224;28.02
159;285;74.70
159;353;75.24
159;374;39.09
159;443;21.23
160;168;60.79
160;273;17.68
160;300;16.12
160;305;76.99
160;314;15.44
160;368;86.61
160;418;68.95
160;431;35.11
160;436;39.78
160;438;61.81
160;449;3.69
160;460;69.58
161;154;8.11
161;242;66.80
161;243;59.39
161;301;89.36
161;327;28.31
161;393;41.48
162;20;44.91
162;47;42.31
162;132;28.12
162;181;24.67
162;189;80.97
162;197;75.63
162;253;49.84
162;282;24.69
162;296;22.16
162;356;22.23
162;416;85.04
162;435;97.13
162;490;68.22
163;24;88.57
163;80;67.55
163;90;22.96
163;108;60.00
163;123;44.29
163;133;66.10
163;208;27.16
163;259;2.18
163;277;30.46
163;319;39.57
163;394;10.43
163;424;55.11
164;2;79.08
164;7;16.71
164;32;22.45
164;66;22.32
164;96;8.97
164;136;21.47
164;229;73.95
164;292;81.51
164;296;37.33
164;381;28.51
164;421;77.81
164;489;29.23
165;2;47.38
165;7;2.71
165;22;27.97
165;43;31.91
165;62;7.06
165;170;45.47
165;289;45.26
165;393;13.07
165;404;70.53
166;26;28.44
166;84;42.96
166;193;64.05
166;227;45.86
166;238;25.96
166;243;54.92
166;251;91.13
166;290;34.66
166;320;68.95
166;337;39.19
166;377;94.57
166;463;33.35
166;474;11.92
167;84;21.24
167;91;71.09
167;150;83.93
167;159;16.41
167;199;44.22
167;204;65.96
167;209;70.92
167;219;27.95
167;299;38.44
167;316;15.25
167;336;99.47
167;341;22.20
167;380;59.65
167;434;87.89
167;438;23.19
167;450;19.35
167;483;71.80
168;66;66.99
168;70;55.04
168;148;75.69
168;160;60.79
168;189;93.41
168;230;20.89
168;307;64.45
168;322;51.80
168;372;24.16
168;381;54.62
168;405;47.19
168;454;16.62
168;458;26.17
169;91;76.30
169;146;50.30
169;208;31.27
169;218;48.07
169;276;16.60
169;294;65.18
169;369;14.50
169;388;1.46
169;392;84.01
169;439;83.18
169;452;38.28
169;461;12.43
169;466;13.81
169;472;41.02
169;487;90.16
170;41;4.91
170;58;35.13
170;85;2.41
170;110;38.18
170;131;11.08
170;147;37.20
170;148;8.20
170;165;45.47
170;226;31.69
170;256;58.52
170;275;26.16
170;277;64.01
170;299;62.79
170;361;65.09
171;40;67.55
171;46;86.86
171;100;41.81
171;139;76.19
171;141;42.65
171;188;15.96
171;194;62.03
171;307;63.95
171;395;17.18
171;432;21.09
171;461;88.66
172;128;4.52
172;200;48.61
172;249;23.15
172;277;70.17
172;442;67.31
172;456;36.94
173;15;13.36
173;121;69.85
173;286;87.91
173;290;91.85
173;332;90.08
173;350;24.25
173;402;22.68
173;451;32.09
173;468;16.43
174;18;91.74
174;52;16.40
174;84;89.35
174;107;84.29
174;189;53.19
174;230;75.43
174;289;34.71
174;309;92.44
174;326;66.56
174;332;57.08
174;394;78.91
174;415;81.91
174;425;98.97
174;442;51.17
174;443;23.48
174;475;59.52
174;482;84.24
174;492;80.25
175;6;18.07
175;63;42.83
175;81;97.11
175;120;56.25
175;183;44.29
175;326;76.92
175;346;60.55
175;364;18.16
175;368;47.67
175;369;5.74
175;392;5.63
175;463;92.54
176;120;35.88
176;123;58.69
176;141;49.26
176;493;53.23
177;9;91.78
177;65;77.63
177;145;54.71
177;196;35.77
177;216;9.61
177;316;93.47
177;324;10.91
177;335;99.91
177;351;61.33
177;449;77.78
178;41;44.79
178;247;56.00
178;298;31.08
178;313;12.78
178;364;52.41
178;401;31.56
178;402;77.69
178;405;92.09
178;473;29.64
179;20;7.77
179;73;58.69
179;107;29.21
179;136;55.47
179;187;41.04
179;297;57.86
179;326;49.50
179;402;86.91
180;272;48.13
180;337;6.77
180;385;84.78
180;405;99.72
180;415;92.60
180;441;98.95
180;471;76.51
181;2;40.78
181;11;87.89
181;80;55.07
181;95;20.16
181;158;27.94
181;162;24.67
181;235;19.61
181;317;55.81
181;472;48.25
181;478;60.94
181;485;9.91
182;24;6.39
182;44;79.01
182;59;6.51
182;94;13.01
182;132;37.57
182;149;48.91
182;194;54.39
182;223;18.29
182;285;62.10
182;335;1.05
182;349;1.70
182;398;62.77
182;411;74.95
182;414;59.47
183;52;21.66
183;105;82.18
183;175;44.29
183;337;75.19
183;342;5.67
183;403;29.40
183;409;10.61
183;430;44.80
184;200;80.68
184;234;75.25
184;243;57.11
184;252;51.53
184;329;50.19
184;360;68.01
184;361;16.12
184;466;41.57
184;485;82.04
185;127;22.88
185;198;15.88
185;259;20.31
185;293;84.53
185;299;97.91
185;384;94.93
185;424;47.18
185;481;7.48
186;8;6.65
186;81;93.65
186;96;64.06
186;135;85.36
186;155;6.41
186;252;13.05
186;346;47.81
186;372;43.80
186;440;93.67
187;2;40.56
187;25;56.50
187;41;95.34
187;68;11.43
187;157;62.04
187;179;41.04
187;213;75.04
187;272;50.25
188;27;96.87
188;83;96.39
188;110;51.92
188;171;15.96
188;190;67.27
188;197;22.89
188;282;90.22
188;344;41.56
188;364;42.53
188;379;15.96
188;384;69.14
188;387;66.51
188;420;1.65
188;431;67.35
188;439;53.92
188;486;3.22
188;498;43.22
189;133;17.12
189;158;87.17
189;162;80.97
189;168;93.41
189;174;53.19
189;239;96.83
189;346;42.85
189;347;40.31
189;353;73.56
189;462;69.34
189;487;20.11
189;494;64.43
190;41;9.88
190;107;49.60
190;155;75.95
190;188;67.27
190;218;96.27
190;326;51.97
190;338;90.61
190;371;31.26
190;377;23.49
190;399;1.26
190;480;96.06
190;487;16.91
191;68;94.27
191;128;5.90
191;215;39.12
191;235;29.97
191;269;85.32
191;316;94.34
191;337;74.03
191;451;84.12
192;26;33.64
192;48;79.07
192;56;72.92
192;77;59.86
192;194;95.83
192;252;82.00
192;291;93.65
192;335;5.81
192;370;52.97
193;26;84.36
193;60;57.52
193;86;69.89
193;144;9.56
193;166;64.05
193;237;73.40
193;344;28.70
193;420;50.21
193;421;58.06
193;440;63.00
193;454;92.60
194;12;17.90
194;171;62.03
194;182;54.39
194;192;95.83
194;352;94.47
194;389;62.34
194;449;80.38
195;47;15.25
195;209;71.61
195;223;51.25
195;271;23.12
195;342;64.43
195;404;28.25
195;412;26.88
195;451;98.94
195;489;92.56
196;120;86.88
196;149;85.07
196;177;35.77
196;229;31.09
196;386;12.50
196;473;45.71
197;34;42.55
197;114;91.38
197;129;65.47
197;156;17.99
197;162;75.63
197;188;22.89
197;249;28.09
197;278;21.11
197;377;19.36
197;400;3.89
197;441;7.98
198;28;99.85
198;115;39.05
198;126;5.24
198;141;77.78
198;185;15.88
198;246;56.29
198;260;63.91
198;334;9.35
198;376;50.26
198;420;91.69
198;486;94.19
199;65;42.51
199;167;44.22
199;224;15.35
199;347;99.62
199;446;93.33
200;0;62.92
200;8;6.93
200;46;2.13
200;77;9.27
200;139;84.08
200;172;48.61
200;184;80.68
200;208;14.86
200;221;64.71
200;223;8.60
200;296;18.53
200;299;63.15
200;326;75.81
200;350;90.01
200;353;69.30
200;468;40.54
200;489;26.34
201;57;76.33
201;87;73.77
201;209;75.46
201;275;14.86
201;364;62.18
201;378;69.64
201;394;73.60
202;18;78.44
202;30;4.70
202;40;2.90
202;85;77.61
202;145;22.64
202;216;12.20
202;234;52.54
202;266;85.45
202;302;50.16
202;429;80.78
202;465;59.06
202;498;19.56
203;3;1.55
203;14;86.13
203;32;79.32
203;61;48.16
203;223;2.87
203;264;89.35
203;309;65.26
203;342;59.31
203;385;40.45
203;397;83.45
203;419;75.00
203;424;32.07
203;433;30.64
204;92;29.60
204;167;65.96
204;336;69.41
204;358;83.03
204;360;35.30
204;393;32.38
204;499;10.08
205;87;84.66
205;126;50.28
205;127;45.55
205;217;52.00
205;347;30.32
205;469;18.72
206;125;52.69
206;140;95.44
206;212;44.27
206;266;6.33
206;295;33.52
206;309;57.61
206;355;26.21
206;359;73.03
206;363;59.74
206;375;89.13
206;405;54.96
207;21;17.25
207;53;48.01
207;83;5.35
207;84;34.52
207;217;9.83
207;223;34.26
207;272;19.35
207;366;25.52
208;2;38.00
208;65;11.60
208;163;27.16
208;169;31.27
208;200;14.86
208;381;29.13
208;417;86.42
209;35;32.16
209;65;23.53
209;114;36.18
209;126;2.43
209;167;70.92
209;195;71.61
209;201;75.46
209;294;46.63
209;360;34.85
209;373;16.96
209;394;26.19
209;412;1.74
209;417;45.86
209;498;40.64
210;38;27.54
210;55;57.29
210;86;68.82
210;92;17.77
210;122;86.89
210;148;93.65
210;219;81.87
210;392;1.38
210;419;40.02
210;457;85.50
211;8;26.58
211;156;75.70
211;321;12.12
211;392;82.29
211;414;16.41
211;470;87.87
211;498;45.81
212;7;35.46
212;45;84.36
212;55;97.10
212;206;44.27
212;242;33.99
212;271;19.38
212;272;31.67
212;362;40.56
212;365;25.20
212;369;14.40
212;428;30.67
212;431;20.69
213;16;66.57
213;38;2.28
213;67;84.23
213;75;11.89
213;107;34.06
213;120;19.15
213;122;14.22
213;187;75.04
213;214;20.73
213;297;90.90
213;300;25.16
213;358;48.75
213;461;60.59
213;471;75.05
214;61;46.91
214;104;36.05
214;145;37.60
214;213;20.73
214;225;79.13
214;243;61.50
214;263;3.80
214;322;53.51
214;391;40.96
215;13;23.78
215;19;52.80
215;109;13.40
215;113;14.02
215;191;39.12
215;285;34.50
215;384;97.16
215;422;3.31
215;428;4.58
215;460;53.99
216;83;37.14
216;87;61.84
216;88;49.17
216;177;9.61
216;202;12.20
216;221;25.32
216;242;2.94
216;302;22.66
216;303;8.98
216;341;34.84
216;382;57.03
217;28;71.04
217;155;39.06
217;205;52.00
217;207;9.83
217;241;40.59
217;268;55.69
217;278;27.39
217;311;12.03
217;338;33.62
217;402;94.33
217;465;93.82
217;466;92.67
217;470;71.79
217;489;25.70
217;491;40.27
217;495;58.09
218;35;64.80
218;129;71.17
218;169;48.07
218;190;96.27
218;328;74.22
218;330;99.75
218;350;32.89
218;365;3.79
218;440;20.55
218;491;7.84
219;54;82.48
219;167;27.95
219;210;81.87
219;225;97.19
219;290;62.68
219;299;51.68
219;365;5.82
219;417;34.96
219;483;20.88
220;15;32.01
220;52;64.35
220;141;94.53
220;151;25.92
220;294;86.59
220;347;46.60
220;436;56.86
220;467;61.14
220;496;42.02
220;499;95.91
221;4;69.99
221;84;83.16
221;200;64.71
221;216;25.32
221;290;51.63
221;300;23.48
221;319;96.68
221;363;55.38
221;435;22.25
222;2;28.68
222;11;58.23
222;249;3.21
222;287;89.64
222;304;93.09
222;375;36.03
222;385;99.93
222;437;11.97
222;441;54.84
223;37;12.43
223;41;25.34
223;182;18.29
223;195;51.25
223;200;8.60
223;203;2.87
223;207;34.26
223;342;95.10
223;344;4.97
223;403;35.41
224;30;50.37
224;43;60.80
224;86;16.51
224;98;94.03
224;152;92.28
224;159;28.02
224;199;15.35
224;239;97.80
224;374;63.93
224;396;3.69
224;411;76.54
224;499;63.35
225;28;3.59
225;56;32.01
225;77;3.62
225;214;79.13
225;219;97.19
225;296;55.23
225;335;66.87
225;464;32.03
225;485;98.11
226;13;60.47
226;131;95.38
226;170;31.69
226;227;56.26
226;234;9.19
226;274;11.14
226;373;51.17
226;414;31.23
226;464;91.49
226;474;44.24
227;81;83.92
227;106;21.28
227;113;74.67
227;156;55.60
227;166;45.86
227;226;56.26
227;297;12.08
227;409;75.53
227;461;62.25
228;155;43.26
228;384;37.75
228;404;43.83
228;456;92.31
228;495;51.38
229;46;29.04
229;57;45.68
229;64;52.45
229;94;96.17
229;144;64.10
229;164;73.95
229;196;31.09
229;241;78.13
229;359;84.93
229;421;22.34
229;445;87.51
229;459;17.34
229;473;81.78
230;8;83.35
230;53;15.13
230;83;1.90
230;168;20.89
230;174;75.43
230;356;83.84
230;396;90.82
230;486;67.49
231;13;64.84
231;85;59.81
231;89;80.19
231;268;10.47
231;422;3.59
231;464;42.02
232;61;68.69
232;128;74.60
232;135;90.17
232;242;73.66
232;265;22.13
232;279;31.25
232;280;12.35
232;391;74.94
232;427;3.51
232;479;5.04
233;5;14.19
233;19;10.72
233;31;14.86
233;53;96.42
233;67;79.69
233;256;2.60
233;261;35.79
233;320;51.43
234;102;77.85
234;133;19.75
234;184;75.25
234;202;52.54
234;226;9.19
234;238;14.84
234;240;18.81
234;318;90.06
234;328;69.02
234;391;56.37
234;399;2.42
234;435;44.03
234;443;99.05
234;452;89.01
234;487;44.03
235;80;36.25
235;131;84.48
235;181;19.61
235;191;29.97
235;344;16.84
235;374;24.23
236;34;47.63
236;317;42.90
236;331;35.94
236;372;70.66
236;376;9.20
236;413;9.93
236;435;85.83
236;478;7.07
236;485;91.90
237;46;13.99
237;88;70.40
237;129;95.38
237;139;61.34
237;193;73.40
237;278;32.96
237;365;30.05
237;484;12.85
238;3;3.76
238;10;29.56
238;153;64.20
238;166;25.96
238;234;14.84
238;304;76.72
238;360;1.50
238;467;90.93
238;477;70.70
239;22;41.11
239;49;90.58
239;189;96.83
239;224;97.80
239;327;92.08
239;336;85.15
239;446;24.30
239;466;72.62
240;80;92.77
240;234;18.81
240;254;48.86
240;290;63.28
240;297;79.48
240;344;73.42
240;362;52.86
240;363;52.77
241;59;10.00
241;88;87.20
241;124;1.36
241;152;67.21
241;217;40.59
241;229;78.13
241;279;57.73
241;290;87.73
242;30;7.78
242;86;49.78
242;123;58.84
242;146;9.33
242;161;66.80
242;212;33.99
242;216;2.94
242;232;73.66
242;291;94.01
242;461;19.39
243;113;53.34
243;127;46.05
243;156;69.65
243;161;59.39
243;166;54.92
243;184;57.11
243;214;61.50
244;39;42.43
244;51;78.73
244;100;25.09
244;297;98.01
244;309;43.44
244;320;66.36
244;400;48.60
244;468;70.46
244;475;68.45
244;483;42.13
245;6;10.35
245;90;76.79
245;94;43.79
245;296;21.51
245;420;94.35
245;426;83.13
245;427;59.70
246;10;99.25
246;71;47.68
246;198;56.29
246;403;52.06
247;113;51.81
247;178;56.00
247;275;24.83
247;288;12.19
247;304;12.05
247;358;70.06
247;367;99.37
248;13;77.48
248;64;44.36
248;258;25.10
248;314;16.48
248;334;2.61
248;393;12.62
248;396;67.16
248;422;48.04
249;41;72.89
249;109;19.14
249;125;24.67
249;138;33.26
249;172;23.15
249;197;28.09
249;222;3.21
249;276;36.57
249;288;75.86
249;379;55.69
249;405;70.09
250;80;8.75
250;102;59.66
250;128;36.64
250;312;55.94
250;392;52.85
250;397;67.87
250;451;72.66
251;52;89.95
251;83;29.27
251;91;96.85
251;96;60.97
251;119;55.73
251;129;31.32
251;166;91.13
251;287;82.28
251;300;59.74
251;343;48.00
251;358;42.83
251;364;51.07
251;395;53.28
251;436;34.57
251;492;38.35
252;9;53.44
252;147;59.23
252;184;51.53
252;186;13.05
252;192;82.00
252;279;65.57
252;298;47.60
252;314;9.06
252;318;66.09
252;324;46.30
252;338;49.87
252;388;43.33
252;452;52.87
252;461;92.11
252;489;64.46
253;108;21.61
253;147;40.49
253;162;49.84
253;278;73.06
253;316;78.82
253;423;4.96
254;43;7.49
254;119;18.78
254;240;48.86
254;260;37.36
254;288;56.26
254;399;22.60
254;411;34.33
255;15;84.69
255;70;95.46
255;116;12.50
255;124;7.66
255;135;32.55
255;264;84.58
255;267;23.34
255;333;91.05
255;350;42.20
255;371;72.82
255;426;40.71
256;136;93.62
256;158;12.86
256;170;58.52
256;233;2.60
256;270;52.90
256;306;53.82
256;386;53.82
256;394;95.35
256;408;56.42
256;479;12.71
256;486;94.28
256;489;44.44
257;148;65.47
257;286;80.00
257;289;43.20
257;365;3.89
257;458;15.09
258;44;4.26
258;47;77.62
258;83;16.83
258;101;2.78
258;131;93.41
258;152;19.85
258;248;25.10
258;281;26.41
258;298;35.29
258;301;6.87
258;338;61.42
258;418;28.26
258;419;61.42
258;439;20.44
258;452;61.13
259;36;89.62
259;58;39.42
259;125;14.69
259;163;2.18
259;185;20.31
259;265;56.14
259;288;74.01
259;374;53.57
260;45;98.64
260;137;72.72
260;140;86.33
260;152;68.98
260;198;63.91
260;254;37.36
260;306;60.41
260;320;77.05
260;321;6.45
260;420;35.70
260;461;90.73
260;494;11.77
261;29;60.13
261;44;82.26
261;56;40.37
261;128;34.20
261;144;75.16
261;148;72.85
261;233;35.79
261;309;84.30
261;321;99.13
261;403;17.38
261;427;49.61
261;489;45.35
262;69;18.78
262;80;75.97
262;82;32.45
262;95;47.38
262;131;81.20
262;140;67.90
262;143;88.07
262;146;41.96
262;280;66.00
262;314;5.94
262;445;70.99
262;446;86.49
263;31;81.55
263;63;80.01
263;98;43.16
263;148;23.63
263;214;3.80
263;297;98.73
263;359;20.98
263;364;33.19
264;84;20.54
264;144;78.30
264;203;89.35
264;255;84.58
264;280;76.90
264;301;93.04
264;387;76.27
264;412;75.63
264;419;28.24
264;433;59.45
264;476;18.22
264;494;83.21
265;13;91.52
265;50;56.99
265;69;86.77
265;232;22.13
265;259;56.14
265;287;27.05
265;315;62.32
265;387;73.45
265;388;87.81
265;404;73.20
265;434;72.07
265;464;79.84
265;498;81.55
266;28;4.56
266;70;74.04
266;89;49.05
266;97;89.17
266;121;99.79
266;131;14.32
266;202;85.45
266;206;6.33
266;278;88.83
266;279;12.15
266;301;15.87
266;315;23.29
266;370;15.07
266;386;46.57
266;452;36.24
267;38;65.93
267;41;39.42
267;68;50.19
267;132;5.43
267;255;23.34
267;319;25.11
267;371;51.01
267;388;77.40
267;396;64.92
267;402;48.24
267;444;14.59
267;485;16.92
268;5;5.13
268;6;28.04
268;15;66.11
268;89;56.23
268;128;93.54
268;217;55.69
268;231;10.47
268;328;40.17
268;396;76.65
268;415;42.24
268;416;6.96
269;11;73.00
269;24;90.92
269;38;90.58
269;87;60.47
269;118;61.45
269;191;85.32
269;312;41.29
269;351;23.45
270;256;52.90
270;373;71.76
270;403;35.99
270;426;11.94
270;465;87.81
270;490;52.04
271;27;22.33
271;89;80.68
271;92;9.52
271;115;53.03
271;151;61.26
271;195;23.12
271;212;19.38
271;281;37.52
271;317;97.88
271;347;20.83
271;351;75.79
271;430;50.02
271;474;96.59
272;89;20.55
272;107;52.92
272;131;47.23
272;180;48.13
272;187;50.25
272;207;19.35
272;212;31.67
272;273;83.05
272;347;12.68
272;439;21.09
273;74;42.08
273;160;17.68
273;272;83.05
273;292;31.33
273;337;65.35
273;340;73.51
273;372;16.53
273;393;84.77
273;394;52.53
273;412;7.69
273;417;19.68
273;450;53.63
274;60;75.47
274;62;92.78
274;123;54.38
274;148;4.18
274;226;11.14
274;302;9.50
274;330;75.89
274;336;10.70
274;494;79.46
275;86;74.27
275;101;29.46
275;111;40.48
275;156;21.94
275;170;26.16
275;201;14.86
275;247;24.83
275;408;62.95
275;418;11.85
275;437;60.50
275;443;2.84
275;490;65.55
276;13;57.94
276;42;40.51
276;114;93.19
276;129;72.45
276;169;16.60
276;249;36.57
277;10;33.59
277;25;15.80
277;61;72.66
277;65;92.41
277;108;15.89
277;163;30.46
277;170;64.01
277;172;70.17
277;316;3.40
277;319;33.57
277;329;50.38
277;346;67.72
277;358;81.86
277;385;59.85
277;400;29.08
277;434;13.81
278;34;32.08
278;41;22.53
278;82;81.33
278;134;3.44
278;197;21.11
278;217;27.39
278;237;32.96
278;253;73.06
278;266;88.83
278;287;42.39
278;325;49.15
278;331;98.68
278;395;43.80
278;457;71.67
278;498;59.93
279;57;40.81
279;61;92.76
279;118;99.93
279;139;43.61
279;232;31.25
279;241;57.73
279;252;65.57
279;266;12.15
279;310;4.39
279;315;8.77
279;425;24.34
279;475;67.22
279;483;17.64
280;19;94.90
280;100;45.44
280;155;96.41
280;232;12.35
280;262;66.00
280;264;76.90
280;324;28.32
280;340;19.66
280;342;78.85
280;453;45.27
281;16;91.56
281;150;94.45
281;258;26.41
281;271;37.52
282;10;3.60
282;26;25.05
282;37;30.64
282;117;7.78
282;150;76.91
282;162;24.69
282;188;90.22
282;336;44.00
282;351;71.99
282;388;11.06
282;394;75.21
282;427;41.20
282;436;46.35
282;443;51.13
282;482;76.95
282;491;2.35
282;496;2.13
283;52;16.67
283;76;28.64
283;97;99.44
283;144;70.60
283;339;41.79
284;73;58.20
284;107;1.10
284;117;95.84
284;158;45.39
284;366;98.77
284;409;45.00
284;439;24.24
285;19;4.50
285;28;52.80
285;159;74.70
285;182;62.10
285;215;34.50
285;358;35.71
286;45;88.03
286;173;87.91
286;257;80.00
286;326;32.15
286;339;9.71
286;371;42.69
286;384;45.40
286;444;55.01
286;489;4.06
287;76;18.04
287;127;43.97
287;148;36.84
287;222;89.64
287;251;82.28
287;265;27.05
287;278;42.39
287;368;52.02
287;389;99.91
287;465;46.16
288;51;75.26
288;74;48.70
288;247;12.19
288;249;75.86
288;254;56.26
288;259;74.01
288;305;73.18
288;316;60.54
288;431;74.34
288;445;58.42
289;38;35.39
289;49;69.51
289;165;45.26
289;174;34.71
289;257;43.20
289;314;21.64
289;315;83.02
289;373;77.62
289;497;31.37
290;33;34.89
290;44;48.89
290;60;10.73
290;103;31.38
290;166;34.66
290;173;91.85
290;219;62.68
290;221;51.63
290;240;63.28
290;241;87.73
290;342;32.29
290;370;25.45
290;400;40.80
290;423;92.79
290;429;6.40
290;450;7.49
290;480;34.56
290;486;18.03
291;42;66.28
291;107;88.93
291;136;21.65
291;192;93.65
291;242;94.01
291;385;87.51
291;389;55.86
291;392;8.26
291;415;59.50
291;449;96.17
292;164;81.51
292;273;31.33
292;387;89.21
292;400;48.99
292;431;65.67
292;435;68.29
293;134;20.14
293;185;84.53
293;302;87.53
293;418;5.11
293;466;91.33
294;21;75.47
294;95;71.28
294;169;65.18
294;209;46.63
294;220;86.59
294;346;44.87
294;444;71.13
294;450;53.34
294;470;86.04
295;15;41.97
295;118;96.39
295;128;53.85
295;131;44.67
295;206;33.52
295;348;94.71
295;361;60.24
295;448;72.29
295;479;24.01
296;31;88.74
296;60;88.39
296;94;36.34
296;99;69.56
296;162;22.16
296;164;37.33
296;200;18.53
296;225;55.23
296;245;21.51
296;299;15.08
296;322;82.45
296;416;19.01
296;487;49.24
296;491;85.03
