source;target;label
0;1;38.43
0;2;3.93
0;3;37.88
0;4;62.34
0;5;41.21
0;6;3.58
0;7;39.66
0;8;79.36
0;9;32.39
0;10;18.57
0;11;85.01
0;12;97.83
0;13;39.18
0;14;9.52
0;28;55.07
1;0;38.43
1;2;70.00
1;3;44.78
1;4;1.93
1;5;18.31
1;6;22.26
1;7;41.73
1;8;66.11
1;9;10.65
1;10;55.44
1;11;76.73
1;12;79.15
1;13;82.62
1;14;80.16
1;16;93.47
2;0;3.93
2;1;70.00
2;3;4.77
2;4;1.76
2;5;82.52
2;6;49.19
2;7;81.88
2;8;99.52
2;9;99.47
2;10;4.13
2;11;51.07
2;12;49.24
2;13;63.46
2;14;38.13
2;39;76.07
3;0;37.88
3;1;44.78
3;2;4.77
3;4;4.14
3;5;16.06
3;6;69.96
3;7;80.17
3;8;24.93
3;9;93.53
3;10;24.76
3;11;92.22
3;12;97.01
3;13;39.21
3;14;21.90
3;84;59.16
4;0;62.34
4;1;1.93
4;2;1.76
4;3;4.14
4;5;28.00
4;6;32.11
4;7;7.48
4;8;33.53
4;9;35.03
4;10;52.93
4;11;93.60
4;12;34.81
4;13;70.71
4;14;84.75
4;28;88.96
5;0;41.21
5;1;18.31
5;2;82.52
5;3;16.06
5;4;28.00
5;6;13.20
5;7;87.44
5;8;26.21
5;9;41.01
5;10;44.07
5;11;76.30
5;12;35.98
5;13;34.31
5;14;67.36
5;19;16.34
6;0;3.58
6;1;22.26
6;2;49.19
6;3;69.96
6;4;32.11
6;5;13.20
6;7;72.25
6;8;47.79
6;9;48.20
6;10;10.49
6;11;80.37
6;12;93.59
6;13;32.69
6;14;6.45
6;27;49.17
7;0;39.66
7;1;41.73
7;2;81.88
7;3;80.17
7;4;7.48
7;5;87.44
7;6;72.25
7;8;32.74
7;9;74.92
7;10;90.53
7;11;39.56
7;12;23.67
7;13;76.12
7;14;46.05
7;33;47.98
8;0;79.36
8;1;66.11
8;2;99.52
8;3;24.93
8;4;33.53
8;5;26.21
8;6;47.79
8;7;32.74
8;9;35.19
8;10;86.58
8;11;86.75
8;12;21.84
8;13;2.10
8;14;14.77
8;42;65.66
9;0;32.39
9;1;10.65
9;2;99.47
9;3;93.53
9;4;35.03
9;5;41.01
9;6;48.20
9;7;74.92
9;8;35.19
9;10;47.79
9;11;73.81
9;12;58.86
9;13;36.17
9;14;45.55
9;46;16.00
10;0;18.57
10;1;55.44
10;2;4.13
10;3;24.76
10;4;52.93
10;5;44.07
10;6;10.49
10;7;90.53
10;8;86.58
10;9;47.79
10;11;63.98
10;12;98.92
10;13;84.67
10;14;50.18
10;17;53.63
11;0;85.01
11;1;76.73
11;2;51.07
11;3;92.22
11;4;93.60
11;5;76.30
11;6;80.37
11;7;39.56
11;8;86.75
11;9;73.81
11;10;63.98
11;12;61.91
11;13;1.32
11;14;37.30
11;47;30.12
12;0;97.83
12;1;79.15
12;2;49.24
12;3;97.01
12;4;34.81
12;5;35.98
12;6;93.59
12;7;23.67
12;8;21.84
12;9;58.86
12;10;98.92
12;11;61.91
12;13;54.66
12;14;48.45
12;60;60.23
13;0;39.18
13;1;82.62
13;2;63.46
13;3;39.21
13;4;70.71
13;5;34.31
13;6;32.69
13;7;76.12
13;8;2.10
13;9;36.17
13;10;84.67
13;11;1.32
13;12;54.66
13;14;95.33
13;16;83.25
14;0;9.52
14;1;80.16
14;2;38.13
14;3;21.90
14;4;84.75
14;5;67.36
14;6;6.45
14;7;46.05
14;8;14.77
14;9;45.55
14;10;50.18
14;11;37.30
14;12;48.45
14;13;95.33
14;53;18.08
15;16;21.50
15;17;85.38
15;18;99.53
15;19;19.29
15;20;67.74
15;22;88.51
15;24;73.89
15;26;32.30
15;28;31.58
15;30;71.59
15;31;73.02
15;33;8.30
15;41;14.84
15;64;40.96
15;81;88.18
16;1;93.47
16;13;83.25
16;15;21.50
16;17;4.84
16;18;77.03
16;19;25.03
16;20;3.95
16;21;56.91
16;24;44.46
16;26;60.16
16;27;75.02
16;36;40.40
16;41;14.04
16;44;27.88
16;60;62.14
17;10;53.63
17;15;85.38
17;16;4.84
17;18;34.53
17;22;93.62
17;23;49.01
17;24;68.53
17;27;67.32
17;31;98.13
17;35;24.98
17;37;75.28
17;49;45.19
17;50;35.67
17;54;54.66
17;76;1.34
18;15;99.53
18;16;77.03
18;17;34.53
18;19;23.05
18;20;30.17
18;23;23.17
18;24;21.57
18;25;1.58
18;27;17.83
18;28;83.04
18;29;29.76
18;30;92.97
18;34;76.40
18;42;96.08
18;45;12.28
19;5;16.34
19;15;19.29
19;16;25.03
19;18;23.05
19;20;72.28
19;22;25.16
19;23;7.57
19;24;64.40
19;25;75.16
19;26;35.63
19;28;96.04
19;29;64.43
19;30;3.89
19;44;10.24
19;66;50.14
20;15;67.74
20;16;3.95
20;18;30.17
20;19;72.28
20;21;51.69
20;24;80.16
20;25;36.64
20;27;25.04
20;30;75.97
20;31;78.34
20;32;30.69
20;33;41.70
20;34;24.61
20;44;63.91
20;54;16.89
21;16;56.91
21;20;51.69
21;22;64.74
21;25;51.62
21;26;32.46
21;27;28.90
21;29;67.27
21;31;54.70
21;32;68.78
21;34;44.47
21;35;18.68
21;36;45.05
21;37;64.58
21;46;76.44
21;53;75.79
22;15;88.51
22;17;93.62
22;19;25.16
22;21;64.74
22;23;45.53
22;25;88.23
22;26;99.96
22;27;38.28
22;28;76.90
22;29;25.86
22;30;24.57
22;32;89.36
22;33;56.16
22;50;59.71
22;73;52.66
23;17;49.01
23;18;23.17
23;19;7.57
23;22;45.53
23;24;25.92
23;26;83.59
23;27;94.13
23;34;87.97
23;35;37.51
23;41;78.23
23;44;21.46
23;49;3.13
23;50;42.62
23;53;68.40
23;116;8.77
24;15;73.89
24;16;44.46
24;17;68.53
24;18;21.57
24;19;64.40
24;20;80.16
24;23;25.92
24;28;6.41
24;32;27.32
24;33;86.58
24;34;8.52
24;35;65.66
24;37;1.69
24;43;47.63
24;95;57.68
25;18;1.58
25;19;75.16
25;20;36.64
25;21;51.62
25;22;88.23
25;26;30.92
25;27;12.75
25;28;74.05
25;31;56.35
25;34;20.68
25;39;75.75
25;41;70.17
25;48;12.95
25;65;9.96
25;72;28.60
26;15;32.30
26;16;60.16
26;19;35.63
26;21;32.46
26;22;99.96
26;23;83.59
26;25;30.92
26;27;29.57
26;29;71.96
26;30;52.69
26;36;70.70
26;37;37.83
26;38;94.65
26;49;11.13
26;55;44.67
27;6;49.17
27;16;75.02
27;17;67.32
27;18;17.83
27;20;25.04
27;21;28.90
27;22;38.28
27;23;94.13
27;25;12.75
27;26;29.57
27;28;36.52
27;31;64.25
27;35;34.31
27;36;5.55
27;66;35.48
28;0;55.07
28;4;88.96
28;15;31.58
28;18;83.04
28;19;96.04
28;22;76.90
28;24;6.41
28;25;74.05
28;27;36.52
28;30;34.85
28;44;95.28
28;47;27.23
28;66;31.06
28;80;44.20
28;119;41.87
29;18;29.76
29;19;64.43
29;21;67.27
29;22;25.86
29;26;71.96
29;30;46.14
29;31;14.60
29;32;71.99
29;33;43.01
29;34;14.77
29;38;42.90
29;50;3.78
29;51;54.76
29;52;97.06
29;60;54.37
30;15;71.59
30;18;92.97
30;19;3.89
30;20;75.97
30;22;24.57
30;26;52.69
30;28;34.85
30;29;46.14
30;32;80.12
30;33;28.12
30;38;37.30
30;39;73.28
30;44;64.68
30;47;92.61
30;63;38.76
31;15;73.02
31;17;98.13
31;20;78.34
31;21;54.70
31;25;56.35
31;27;64.25
31;29;14.60
31;32;23.90
31;36;17.14
31;37;10.51
31;38;30.61
31;39;18.63
31;40;24.43
31;67;59.93
31;76;89.73
32;20;30.69
32;21;68.78
32;22;89.36
32;24;27.32
32;29;71.99
32;30;80.12
32;31;23.90
32;33;24.32
32;35;38.64
32;37;29.50
32;38;12.01
32;41;18.40
32;51;83.92
32;55;34.02
32;90;22.06
33;7;47.98
33;15;8.30
33;20;41.70
33;22;56.16
33;24;86.58
33;29;43.01
33;30;28.12
33;32;24.32
33;36;5.02
33;37;75.50
33;38;57.77
33;41;94.23
33;50;28.80
33;52;62.29
33;66;29.87
34;18;76.40
34;20;24.61
34;21;44.47
34;23;87.97
34;24;8.52
34;25;20.68
34;29;14.77
34;35;14.03
34;36;36.52
34;37;98.99
34;42;12.32
34;45;36.48
34;54;69.88
34;60;56.73
34;79;87.98
35;17;24.98
35;21;18.68
35;23;37.51
35;24;65.66
35;27;34.31
35;32;38.64
35;34;14.03
35;36;85.43
35;39;7.95
35;40;46.27
35;42;10.71
35;47;37.44
35;48;34.14
35;63;44.04
35;71;41.63
36;16;40.40
36;21;45.05
36;26;70.70
36;27;5.55
36;31;17.14
36;33;5.02
36;34;36.52
36;35;85.43
36;37;17.72
36;39;47.59
36;40;67.98
36;44;65.48
36;50;32.06
36;51;70.18
36;52;94.94
37;17;75.28
37;21;64.58
37;24;1.69
37;26;37.83
37;31;10.51
37;32;29.50
37;33;75.50
37;34;98.99
37;36;17.72
37;41;37.02
37;44;20.26
37;47;4.18
37;55;41.13
37;57;84.87
37;70;15.07
38;26;94.65
38;29;42.90
38;30;37.30
38;31;30.61
38;32;12.01
38;33;57.77
38;39;8.57
38;41;53.49
38;42;6.42
38;43;68.06
38;44;16.09
38;47;91.49
38;48;57.02
38;65;40.71
38;101;8.61
39;2;76.07
39;25;75.75
39;30;73.28
39;31;18.63
39;35;7.95
39;36;47.59
39;38;8.57
39;40;17.43
39;42;56.06
39;44;88.16
39;47;41.22
39;48;73.28
39;50;65.71
39;54;29.56
39;74;61.47
40;31;24.43
40;35;46.27
40;36;67.98
40;39;17.43
40;41;74.65
40;42;78.51
40;43;90.44
40;44;86.01
40;46;94.39
40;47;89.45
40;48;74.51
40;50;41.60
40;52;78.91
40;65;33.77
40;93;75.78
41;15;14.84
41;16;14.04
41;23;78.23
41;25;70.17
41;32;18.40
41;33;94.23
41;37;37.02
41;38;53.49
41;40;74.65
41;45;37.04
41;59;76.56
41;63;29.75
41;67;50.99
41;70;67.59
41;89;30.87
42;8;65.66
42;18;96.08
42;34;12.32
42;35;10.71
42;38;6.42
42;39;56.06
42;40;78.51
42;45;70.15
42;47;26.18
42;51;9.92
42;52;27.26
42;53;63.96
42;55;54.85
42;63;99.73
42;68;78.51
43;24;47.63
43;38;68.06
43;40;90.44
43;47;46.53
43;48;39.70
43;51;14.44
43;52;56.10
43;53;53.12
43;54;25.79
43;58;40.84
43;61;6.14
43;68;24.23
43;69;6.76
43;79;17.16
43;89;55.66
44;16;27.88
44;19;10.24
44;20;63.91
44;23;21.46
44;28;95.28
44;30;64.68
44;36;65.48
44;37;20.26
44;38;16.09
44;39;88.16
44;40;86.01
44;53;32.57
44;59;36.44
44;68;86.66
44;71;2.12
45;18;12.28
45;34;36.48
45;41;37.04
45;42;70.15
45;46;64.46
45;47;15.65
45;48;58.24
45;49;4.96
45;50;41.59
45;51;5.19
45;60;36.03
45;61;97.36
45;63;38.41
45;64;42.13
45;73;73.25
46;9;16.00
46;21;76.44
46;40;94.39
46;45;64.46
46;48;10.39
46;49;82.43
46;51;67.51
46;54;40.60
46;55;76.44
46;58;98.39
46;61;61.56
46;65;70.51
46;66;88.52
46;72;11.93
46;100;21.55
47;11;30.12
47;28;27.23
47;30;92.61
47;35;37.44
47;37;4.18
47;38;91.49
47;39;41.22
47;40;89.45
47;42;26.18
47;43;46.53
47;45;15.65
47;54;26.24
47;58;69.45
47;78;10.36
47;87;94.38
48;25;12.95
48;35;34.14
48;38;57.02
48;39;73.28
48;40;74.51
48;43;39.70
48;45;58.24
48;46;10.39
48;49;7.07
48;50;76.45
48;60;7.02
48;62;85.99
48;77;16.70
48;81;49.57
48;82;46.37
49;17;45.19
49;23;3.13
49;26;11.13
49;45;4.96
49;46;82.43
49;48;7.07
49;51;42.12
49;52;17.44
49;54;20.76
49;55;59.62
49;57;59.16
49;60;92.22
49;65;22.77
49;96;88.80
49;112;96.01
50;17;35.67
50;22;59.71
50;23;42.62
50;29;3.78
50;33;28.80
50;36;32.06
50;39;65.71
50;40;41.60
50;45;41.59
50;48;76.45
50;54;29.13
50;63;49.82
50;67;72.97
50;69;89.67
50;73;42.04
51;29;54.76
51;32;83.92
51;36;70.18
51;42;9.92
51;43;14.44
51;45;5.19
51;46;67.51
51;49;42.12
51;56;59.74
51;58;41.16
51;59;66.84
51;60;88.99
51;67;83.88
51;69;65.11
51;80;62.61
52;29;97.06
52;33;62.29
52;36;94.94
52;40;78.91
52;42;27.26
52;43;56.10
52;49;17.44
52;57;56.46
52;58;46.04
52;62;38.76
52;64;47.92
52;68;6.98
52;69;55.05
52;73;48.07
52;110;28.48
53;14;18.08
53;21;75.79
53;23;68.40
53;42;63.96
53;43;53.12
53;44;32.57
53;54;55.31
53;56;39.01
53;58;53.82
53;59;40.75
53;61;41.89
53;71;70.70
53;73;59.43
53;92;2.61
53;100;28.30
54;17;54.66
54;20;16.89
54;34;69.88
54;39;29.56
54;43;25.79
54;46;40.60
54;47;26.24
54;49;20.76
54;50;29.13
54;53;55.31
54;55;88.44
54;60;62.47
54;65;61.33
54;67;16.11
54;74;53.40
55;26;44.67
55;32;34.02
55;37;41.13
55;42;54.85
55;46;76.44
55;49;59.62
55;54;88.44
55;56;30.78
55;60;63.93
55;61;16.40
55;62;81.58
55;67;15.04
55;77;20.93
55;85;32.44
55;114;36.29
56;51;59.74
56;53;39.01
56;55;30.78
56;57;79.63
56;59;11.83
56;61;91.41
56;64;78.75
56;65;87.65
56;67;56.30
56;70;78.76
56;71;45.15
56;79;5.44
56;81;79.53
56;82;23.20
56;100;51.53
57;37;84.87
57;49;59.16
57;52;56.46
57;56;79.63
57;58;98.80
57;59;13.96
57;60;55.51
57;62;13.31
57;63;13.28
57;64;39.78
57;69;28.98
57;71;47.65
57;77;43.75
57;80;2.14
57;82;93.84
58;43;40.84
58;46;98.39
58;47;69.45
58;51;41.16
58;52;46.04
58;53;53.82
58;57;98.80
58;62;32.67
58;72;70.75
58;73;49.39
58;74;85.41
58;80;67.41
58;81;64.57
58;85;37.44
58;121;50.45
59;41;76.56
59;44;36.44
59;51;66.84
59;53;40.75
59;56;11.83
59;57;13.96
59;61;76.46
59;64;57.68
59;65;75.35
59;67;85.38
59;68;51.55
59;75;92.14
59;80;76.11
59;91;64.85
59;124;27.14
60;12;60.23
60;16;62.14
60;29;54.37
60;34;56.73
60;45;36.03
60;48;7.02
60;49;92.22
60;51;88.99
60;54;62.47
60;55;63.93
60;57;55.51
60;63;69.20
60;76;96.74
60;80;66.63
60;99;7.42
61;43;6.14
61;45;97.36
61;46;61.56
61;53;41.89
61;55;16.40
61;56;91.41
61;59;76.46
61;62;91.19
61;63;68.67
61;69;95.80
61;77;3.94
61;85;80.94
61;87;86.33
61;96;93.69
61;105;41.27
62;48;85.99
62;52;38.76
62;55;81.58
62;57;13.31
62;58;32.67
62;61;91.19
62;64;79.73
62;65;59.82
62;71;95.47
62;74;43.86
62;79;83.63
62;92;36.47
62;95;76.47
62;110;83.40
62;113;14.57
63;30;38.76
63;35;44.04
63;41;29.75
63;42;99.73
63;45;38.41
63;50;49.82
63;57;13.28
63;60;69.20
63;61;68.67
63;64;65.55
63;67;68.61
63;71;95.75
63;78;34.37
63;85;19.13
63;97;39.42
64;15;40.96
64;45;42.13
64;52;47.92
64;56;78.75
64;57;39.78
64;59;57.68
64;62;79.73
64;63;65.55
64;65;3.67
64;66;71.67
64;67;48.47
64;69;31.60
64;71;78.53
64;89;62.90
64;98;41.93
65;25;9.96
65;38;40.71
65;40;33.77
65;46;70.51
65;49;22.77
65;54;61.33
65;56;87.65
65;59;75.35
65;62;59.82
65;64;3.67
65;70;73.57
65;71;56.72
65;80;71.56
65;88;23.18
65;145;7.23
66;19;50.14
66;27;35.48
66;28;31.06
66;33;29.87
66;46;88.52
66;64;71.67
66;68;63.79
66;69;80.61
66;70;81.72
66;71;57.68
66;72;38.55
66;75;74.19
66;81;94.40
66;91;70.12
66;159;66.55
67;31;59.93
67;41;50.99
67;50;72.97
67;51;83.88
67;54;16.11
67;55;15.04
67;56;56.30
67;59;85.38
67;63;68.61
67;64;48.47
67;68;8.70
67;73;65.41
67;76;43.96
67;78;12.49
67;79;71.72
68;42;78.51
68;43;24.23
68;44;86.66
68;52;6.98
68;59;51.55
68;66;63.79
68;67;8.70
68;69;20.53
68;74;92.67
68;77;4.23
68;78;13.15
68;90;59.69
68;94;75.64
68;103;95.55
68;125;5.22
69;43;6.76
69;50;89.67
69;51;65.11
69;52;55.05
69;57;28.98
69;61;95.80
69;64;31.60
69;66;80.61
69;68;20.53
69;72;82.35
69;73;37.23
69;75;54.45
69;77;62.78
69;82;12.18
69;106;66.37
70;37;15.07
70;41;67.59
70;56;78.76
70;65;73.57
70;66;81.72
70;73;26.25
70;74;15.54
70;77;66.21
70;78;96.41
70;79;86.75
70;80;56.53
70;85;83.80
70;92;51.18
70;93;90.86
70;99;88.54
71;35;41.63
71;44;2.12
71;53;70.70
71;56;45.15
71;57;47.65
71;62;95.47
71;63;95.75
71;64;78.53
71;65;56.72
71;66;57.68
71;74;21.51
71;81;75.49
71;85;53.11
71;93;61.44
71;112;7.81
72;25;28.60
72;46;11.93
72;58;70.75
72;66;38.55
72;69;82.35
72;73;79.52
72;74;38.00
72;77;47.48
72;81;71.39
72;84;83.58
72;85;60.35
72;87;87.95
72;88;62.19
72;93;56.87
72;100;79.14
73;22;52.66
73;45;73.25
73;50;42.04
73;52;48.07
73;53;59.43
73;58;49.39
73;67;65.41
73;69;37.23
73;70;26.25
73;72;79.52
73;76;41.95
73;77;69.44
73;81;14.01
73;84;24.67
73;85;56.60
74;39;61.47
74;54;53.40
74;58;85.41
74;62;43.86
74;68;92.67
74;70;15.54
74;71;21.51
74;72;38.00
74;75;81.02
74;80;29.80
74;81;76.01
74;82;30.92
74;86;15.00
74;87;78.74
74;91;91.55
75;59;92.14
75;66;74.19
75;69;54.45
75;74;81.02
75;76;98.41
75;78;59.97
75;83;19.52
75;84;64.75
75;85;98.47
75;89;7.57
75;90;4.69
75;91;51.56
75;94;70.80
75;95;46.10
75;96;95.74
76;17;1.34
76;31;89.73
76;60;96.74
76;67;43.96
76;73;41.95
76;75;98.41
76;77;61.03
76;78;18.46
76;81;1.40
76;84;47.95
76;86;58.38
76;87;80.28
76;91;74.85
76;97;66.31
76;102;86.63
77;48;16.70
77;55;20.93
77;57;43.75
77;61;3.94
77;68;4.23
77;69;62.78
77;70;66.21
77;72;47.48
77;73;69.44
77;76;61.03
77;78;21.11
77;81;29.48
77;84;53.53
77;95;55.60
77;103;53.58
78;47;10.36
78;63;34.37
78;67;12.49
78;68;13.15
78;70;96.41
78;75;59.97
78;76;18.46
78;77;21.11
78;80;20.01
78;82;12.86
78;83;79.81
78;86;83.14
78;90;25.23
78;108;70.50
78;117;70.98
79;34;87.98
79;43;17.16
79;56;5.44
79;62;83.63
79;67;71.72
79;70;86.75
79;82;20.46
79;83;54.08
79;85;80.01
79;89;86.45
79;90;84.34
79;92;40.40
79;94;6.68
79;100;72.54
79;102;52.14
80;28;44.20
80;51;62.61
80;57;2.14
80;58;67.41
80;59;76.11
80;60;66.63
80;65;71.56
80;70;56.53
80;74;29.80
80;78;20.01
80;82;83.21
80;83;5.78
80;91;74.94
80;100;57.88
80;121;10.34
81;15;88.18
81;48;49.57
81;56;79.53
81;58;64.57
81;66;94.40
81;71;75.49
81;72;71.39
81;73;14.01
81;74;76.01
81;76;1.40
81;77;29.48
81;85;63.08
81;87;13.69
81;94;61.74
81;102;59.73
82;48;46.37
82;56;23.20
82;57;93.84
82;69;12.18
82;74;30.92
82;78;12.86
82;79;20.46
82;80;83.21
82;83;36.37
82;84;44.67
82;85;68.63
82;88;13.18
82;100;53.13
82;108;91.53
82;112;60.34
83;75;19.52
83;78;79.81
83;79;54.08
83;80;5.78
83;82;36.37
83;86;46.41
83;87;36.35
83;89;59.72
83;92;33.88
83;93;58.59
83;98;44.43
83;99;14.90
83;100;53.48
83;102;58.26
83;157;5.70
84;3;59.16
84;72;83.58
84;73;24.67
84;75;64.75
84;76;47.95
84;77;53.53
84;82;44.67
84;85;59.60
84;88;53.37
84;97;18.55
84;98;1.90
84;99;76.19
84;101;1.52
84;117;96.44
84;124;85.96
85;55;32.44
85;58;37.44
85;61;80.94
85;63;19.13
85;70;83.80
85;71;53.11
85;72;60.35
85;73;56.60
85;75;98.47
85;79;80.01
85;81;63.08
85;82;68.63
85;84;59.60
85;88;86.16
85;91;33.02
86;74;15.00
86;76;58.38
86;78;83.14
86;83;46.41
86;87;14.35
86;88;22.84
86;89;10.86
86;90;66.07
86;92;49.63
86;95;53.02
86;97;5.60
86;98;18.20
86;99;78.66
86;118;8.21
86;147;20.83
87;47;94.38
87;61;86.33
87;72;87.95
87;74;78.74
87;76;80.28
87;81;13.69
87;83;36.35
87;86;14.35
87;88;72.88
87;89;2.70
87;93;83.06
87;106;35.83
87;107;49.26
87;119;25.59
87;130;54.63
88;65;23.18
88;72;62.19
88;82;13.18
88;84;53.37
88;85;86.16
88;86;22.84
88;87;72.88
88;89;34.85
88;91;86.28
88;96;64.00
88;99;10.63
88;100;22.20
88;101;15.87
88;102;50.54
88;104;23.95
89;41;30.87
89;43;55.66
89;64;62.90
89;75;7.57
89;79;86.45
89;83;59.72
89;86;10.86
89;87;2.70
89;88;34.85
89;94;56.74
89;96;30.12
89;109;42.80
89;111;94.45
89;112;88.94
89;120;69.93
90;32;22.06
90;68;59.69
90;75;4.69
90;78;25.23
90;79;84.34
90;86;66.07
90;95;3.25
90;97;26.44
90;99;12.62
90;102;73.77
90;106;8.96
90;109;6.91
90;114;73.56
90;115;38.65
90;126;11.13
91;59;64.85
91;66;70.12
91;74;91.55
91;75;51.56
91;76;74.85
91;80;74.94
91;85;33.02
91;88;86.28
91;92;47.36
91;93;44.58
91;95;31.18
91;100;29.26
91;101;98.27
91;118;43.21
91;120;43.24
92;53;2.61
92;62;36.47
92;70;51.18
92;79;40.40
92;83;33.88
92;86;49.63
92;91;47.36
92;95;17.03
92;96;90.97
92;99;21.31
92;104;90.09
92;108;18.76
92;139;54.74
92;142;73.07
92;173;32.44
93;40;75.78
93;70;90.86
93;71;61.44
93;72;56.87
93;83;58.59
93;87;83.06
93;91;44.58
93;94;84.27
93;96;80.20
93;99;48.80
93;102;9.73
93;110;22.20
93;111;56.80
93;129;38.69
93;133;87.60
94;68;75.64
94;75;70.80
94;79;6.68
94;81;61.74
94;89;56.74
94;93;84.27
94;95;63.29
94;96;6.44
94;98;10.21
94;99;33.03
94;100;76.84
94;115;46.43
94;130;35.25
94;133;58.47
94;149;14.26
95;24;57.68
95;62;76.47
95;75;46.10
95;77;55.60
95;86;53.02
95;90;3.25
95;91;31.18
95;92;17.03
95;94;63.29
95;96;34.31
95;98;71.65
95;100;76.72
95;102;63.98
95;103;47.29
95;104;34.65
96;49;88.80
96;61;93.69
96;75;95.74
96;88;64.00
96;89;30.12
96;92;90.97
96;93;80.20
96;94;6.44
96;95;34.31
96;97;14.00
96;98;29.83
96;102;75.05
96;109;78.53
96;121;8.28
96;132;50.57
97;63;39.42
97;76;66.31
97;84;18.55
97;86;5.60
97;90;26.44
97;96;14.00
97;98;5.95
97;99;81.55
97;101;78.68
97;102;99.53
97;104;33.86
97;132;53.26
97;133;46.58
97;146;70.94
97;155;65.98
98;64;41.93
98;83;44.43
98;84;1.90
98;86;18.20
98;94;10.21
98;95;71.65
98;96;29.83
98;97;5.95
98;99;49.87
98;100;60.29
98;103;1.79
98;122;75.64
98;126;5.83
98;130;93.27
98;135;50.67
99;60;7.42
99;70;88.54
99;83;14.90
99;84;76.19
99;86;78.66
99;88;10.63
99;90;12.62
99;92;21.31
99;93;48.80
99;94;33.03
99;97;81.55
99;98;49.87
99;104;20.90
99;107;19.07
99;135;81.51
100;46;21.55
100;53;28.30
100;56;51.53
100;72;79.14
100;79;72.54
100;80;57.88
100;82;53.13
100;83;53.48
100;88;22.20
100;91;29.26
100;94;76.84
100;95;76.72
100;98;60.29
100;113;13.18
100;121;52.81
101;38;8.61
101;84;1.52
101;88;15.87
101;91;98.27
101;97;78.68
101;103;58.15
101;104;91.86
101;107;28.59
101;108;11.12
101;110;32.90
101;111;79.94
101;112;69.84
101;117;66.65
101;119;7.54
101;120;41.13
102;76;86.63
102;79;52.14
102;81;59.73
102;83;58.26
102;88;50.54
102;90;73.77
102;93;9.73
102;95;63.98
102;96;75.05
102;97;99.53
102;103;89.97
102;107;99.88
102;115;50.78
102;116;85.29
102;142;84.37
103;68;95.55
103;77;53.58
103;95;47.29
103;98;1.79
103;101;58.15
103;102;89.97
103;104;96.72
103;105;66.65
103;108;75.94
103;109;24.86
103;117;56.58
103;119;47.41
103;120;71.99
103;122;39.70
103;125;14.23
104;88;23.95
104;92;90.09
104;95;34.65
104;97;33.86
104;99;20.90
104;101;91.86
104;103;96.72
104;108;43.95
104;109;65.83
104;110;78.59
104;111;23.17
104;113;14.20
104;114;24.77
104;119;93.81
104;125;11.16
105;61;41.27
105;103;66.65
105;106;20.08
105;107;80.49
105;108;93.47
105;110;56.43
105;111;98.14
105;113;10.39
105;121;24.15
105;122;62.92
105;128;13.73
105;131;56.63
105;136;10.13
105;162;84.07
105;186;61.66
106;69;66.37
106;87;35.83
106;90;8.96
106;105;20.08
106;107;73.68
106;109;87.56
106;111;31.01
106;112;45.90
106;116;51.09
106;117;29.46
106;120;52.27
106;122;23.70
106;127;21.07
106;131;27.86
106;137;59.96
107;87;49.26
107;99;19.07
107;101;28.59
107;102;99.88
107;105;80.49
107;106;73.68
107;108;82.67
107;114;8.47
107;116;55.36
107;119;76.80
107;120;58.17
107;121;30.50
107;129;28.26
107;137;54.92
107;139;89.55
108;78;70.50
108;82;91.53
108;92;18.76
108;101;11.12
108;103;75.94
108;104;43.95
108;105;93.47
108;107;82.67
108;109;99.44
108;110;96.76
108;115;56.36
108;118;85.47
108;123;88.27
108;127;75.53
108;134;45.87
109;89;42.80
109;90;6.91
109;96;78.53
109;103;24.86
109;104;65.83
109;106;87.56
109;108;99.44
109;110;2.59
109;111;12.93
109;117;76.72
109;118;19.76
109;119;11.89
109;121;68.72
109;125;87.07
109;135;16.28
110;52;28.48
110;62;83.40
110;93;22.20
110;101;32.90
110;104;78.59
110;105;56.43
110;108;96.76
110;109;2.59
110;111;55.21
110;114;76.44
110;116;61.44
110;118;86.22
110;122;97.90
110;130;92.34
110;156;62.21
111;89;94.45
111;93;56.80
111;101;79.94
111;104;23.17
111;105;98.14
111;106;31.01
111;109;12.93
111;110;55.21
111;112;86.41
111;113;80.82
111;115;18.38
111;118;30.25
111;124;47.89
111;157;49.06
111;173;96.45
112;49;96.01
112;71;7.81
112;82;60.34
112;89;88.94
112;101;69.84
112;106;45.90
112;111;86.41
112;114;55.19
112;118;97.87
112;119;12.43
112;123;6.75
112;126;18.00
112;134;21.90
112;143;30.81
112;199;88.87
113;62;14.57
113;100;13.18
113;104;14.20
113;105;10.39
113;111;80.82
113;116;12.67
113;117;45.11
113;118;69.70
113;120;56.66
113;124;41.40
113;125;86.57
113;129;74.84
113;135;28.08
113;147;73.96
113;161;87.13
114;55;36.29
114;90;73.56
114;104;24.77
114;107;8.47
114;110;76.44
114;112;55.19
114;116;2.38
114;118;87.50
114;120;4.37
114;121;60.67
114;123;68.82
114;126;76.70
114;129;27.13
114;132;58.89
114;171;95.07
115;90;38.65
115;94;46.43
115;102;50.78
115;108;56.36
115;111;18.38
115;118;3.85
115;122;15.73
115;124;75.19
115;125;18.83
115;130;94.64
115;134;7.95
115;138;38.88
115;141;65.68
115;160;51.49
115;161;14.74
116;23;8.77
116;102;85.29
116;106;51.09
116;107;55.36
116;110;61.44
116;113;12.67
116;114;2.38
116;117;87.46
116;118;2.49
116;119;93.39
116;126;37.46
116;127;50.82
116;130;28.75
116;162;81.07
116;168;83.05
117;78;70.98
117;84;96.44
117;101;66.65
117;103;56.58
117;106;29.46
117;109;76.72
117;113;45.11
117;116;87.46
117;119;41.83
117;121;27.02
117;122;56.10
117;123;5.32
117;132;7.54
117;145;83.63
117;178;64.35
118;86;8.21
118;91;43.21
118;108;85.47
118;109;19.76
118;110;86.22
118;111;30.25
118;112;97.87
118;113;69.70
118;114;87.50
118;115;3.85
118;116;2.49
118;132;66.79
118;133;89.01
118;134;3.57
118;147;60.30
119;28;41.87
119;87;25.59
119;101;7.54
119;103;47.41
119;104;93.81
119;107;76.80
119;109;11.89
119;112;12.43
119;116;93.39
119;117;41.83
119;120;27.36
119;129;63.08
119;130;58.97
119;139;41.59
119;142;26.89
120;89;69.93
120;91;43.24
120;101;41.13
120;103;71.99
120;106;52.27
120;107;58.17
120;113;56.66
120;114;4.37
120;119;27.36
120;122;84.12
120;128;33.28
120;129;79.95
120;135;18.14
120;139;18.00
120;146;38.37
121;58;50.45
121;80;10.34
121;96;8.28
121;100;52.81
121;105;24.15
121;107;30.50
121;109;68.72
121;114;60.67
121;117;27.02
121;123;48.26
121;128;14.63
121;129;94.25
121;130;16.84
121;135;57.13
121;145;26.66
122;98;75.64
122;103;39.70
122;105;62.92
122;106;23.70
122;110;97.90
122;115;15.73
122;117;56.10
122;120;84.12
122;123;95.98
122;125;47.01
122;127;37.47
122;131;33.67
122;136;11.32
122;140;21.42
122;168;60.82
123;108;88.27
123;112;6.75
123;114;68.82
123;117;5.32
123;121;48.26
123;122;95.98
123;125;21.81
123;127;33.75
123;132;38.45
123;137;58.44
123;140;96.99
123;144;23.09
123;148;82.58
123;149;81.49
123;155;68.71
124;59;27.14
124;84;85.96
124;111;47.89
124;113;41.40
124;115;75.19
124;127;82.85
124;129;90.20
124;130;14.55
124;131;87.87
124;132;49.57
124;136;48.73
124;144;54.72
124;146;13.66
124;152;24.37
124;164;98.13
125;68;5.22
125;103;14.23
125;104;11.16
125;109;87.07
125;113;86.57
125;115;18.83
125;122;47.01
125;123;21.81
125;130;30.93
125;132;85.38
125;137;96.64
125;138;68.74
125;148;47.29
125;149;93.39
125;176;37.77
126;90;11.13
126;98;5.83
126;112;18.00
126;114;76.70
126;116;37.46
126;127;40.37
126;128;4.80
126;129;42.90
126;138;62.24
126;141;53.12
126;144;85.17
126;148;30.35
126;150;81.65
126;157;91.94
126;182;25.35
127;106;21.07
127;108;75.53
127;116;50.82
127;122;37.47
127;123;33.75
127;124;82.85
127;126;40.37
127;129;79.64
127;130;51.15
127;133;95.51
127;134;44.10
127;135;8.47
127;136;41.81
127;142;57.88
127;147;21.30
128;105;13.73
128;120;33.28
128;121;14.63
128;126;4.80
128;129;85.20
128;130;32.34
128;131;20.94
128;134;9.94
128;141;47.38
128;142;85.37
128;143;68.90
128;146;40.25
128;157;82.90
128;160;53.51
128;166;6.59
129;93;38.69
129;107;28.26
129;113;74.84
129;114;27.13
129;119;63.08
129;120;79.95
129;121;94.25
129;124;90.20
129;126;42.90
129;127;79.64
129;128;85.20
129;134;52.69
129;135;36.73
129;144;27.14
129;146;36.08
130;87;54.63
130;94;35.25
130;98;93.27
130;110;92.34
130;115;94.64
130;116;28.75
130;119;58.97
130;121;16.84
130;124;14.55
130;125;30.93
130;127;51.15
130;128;32.34
130;132;87.07
130;142;51.66
130;182;41.50
131;105;56.63
131;106;27.86
131;122;33.67
131;124;87.87
131;128;20.94
131;133;37.96
131;135;30.32
131;136;36.70
131;139;46.31
131;145;75.36
131;148;23.21
131;155;79.25
131;162;85.37
131;181;26.47
131;197;14.94
132;96;50.57
132;97;53.26
132;114;58.89
132;117;7.54
132;118;66.79
132;123;38.45
132;124;49.57
132;125;85.38
132;130;87.07
132;137;44.41
132;139;87.35
132;140;76.67
132;144;54.68
132;151;15.17
132;155;57.07
133;93;87.60
133;94;58.47
133;97;46.58
133;118;89.01
133;127;95.51
133;131;37.96
133;135;47.31
133;136;69.46
133;140;46.75
133;142;55.63
133;145;21.85
133;148;22.62
133;170;33.01
133;178;9.41
133;189;54.77
134;108;45.87
134;112;21.90
134;115;7.95
134;118;3.57
134;127;44.10
134;128;9.94
134;129;52.69
134;136;34.92
134;138;67.07
134;139;62.46
134;142;11.42
134;145;36.58
134;149;69.43
134;157;69.99
134;159;25.52
135;98;50.67
135;99;81.51
135;109;16.28
135;113;28.08
135;120;18.14
135;121;57.13
135;127;8.47
135;129;36.73
135;131;30.32
135;133;47.31
135;137;76.43
135;141;88.06
135;142;63.15
135;143;73.60
135;149;25.70
136;105;10.13
136;122;11.32
136;124;48.73
136;127;41.81
136;131;36.70
136;133;69.46
136;134;34.92
136;137;42.55
136;139;88.66
136;142;55.49
136;148;14.11
136;158;9.66
136;161;2.74
136;164;31.89
136;171;3.04
137;106;59.96
137;107;54.92
137;123;58.44
137;125;96.64
137;132;44.41
137;135;76.43
137;136;42.55
137;139;96.31
137;140;1.99
137;143;51.35
137;146;42.93
137;150;82.82
137;152;63.36
137;156;28.57
137;168;29.37
138;115;38.88
138;125;68.74
138;126;62.24
138;134;67.07
138;139;13.85
138;140;95.41
138;143;15.37
138;144;9.87
138;146;82.43
138;148;11.78
138;151;80.99
138;152;33.57
138;157;67.88
138;159;29.11
138;170;64.90
139;92;54.74
139;107;89.55
139;119;41.59
139;120;18.00
139;131;46.31
139;132;87.35
139;134;62.46
139;136;88.66
139;137;96.31
139;138;13.85
139;140;99.67
139;141;12.10
139;142;53.49
139;153;49.88
139;154;12.97
140;122;21.42
140;123;96.99
140;132;76.67
140;133;46.75
140;137;1.99
140;138;95.41
140;139;99.67
140;142;22.29
140;143;18.32
140;145;89.90
140;146;6.97
140;147;16.36
140;151;64.37
140;158;5.96
140;213;23.45
141;115;65.68
141;126;53.12
141;128;47.38
141;135;88.06
141;139;12.10
141;142;6.66
141;143;65.57
141;146;14.32
141;147;24.81
141;149;37.13
141;151;53.49
141;152;51.50
141;155;53.07
141;161;11.35
141;184;86.08
142;92;73.07
142;102;84.37
142;119;26.89
142;127;57.88
142;128;85.37
142;130;51.66
142;133;55.63
142;134;11.42
142;135;63.15
142;136;55.49
142;139;53.49
142;140;22.29
142;141;6.66
142;154;20.67
142;171;91.05
143;112;30.81
143;128;68.90
143;135;73.60
143;137;51.35
143;138;15.37
143;140;18.32
143;141;65.57
143;144;49.51
143;145;50.64
143;148;10.02
143;149;34.44
143;156;87.21
143;159;41.98
143;161;79.70
143;167;26.50
144;123;23.09
144;124;54.72
144;126;85.17
144;129;27.14
144;132;54.68
144;138;9.87
144;143;49.51
144;145;12.52
144;146;4.20
144;148;56.15
144;150;16.71
144;151;5.69
144;152;69.27
144;153;74.80
144;169;5.05
145;65;7.23
145;117;83.63
145;121;26.66
145;131;75.36
145;133;21.85
145;134;36.58
145;140;89.90
145;143;50.64
145;144;12.52
145;148;82.61
145;150;20.11
145;152;60.77
145;153;96.58
145;162;20.62
145;179;10.02
146;97;70.94
146;120;38.37
146;124;13.66
146;128;40.25
146;129;36.08
146;137;42.93
146;138;82.43
146;140;6.97
146;141;14.32
146;144;4.20
146;152;49.69
146;153;66.05
146;154;20.64
146;172;62.42
146;180;54.72
147;86;20.83
147;113;73.96
147;118;60.30
147;127;21.30
147;140;16.36
147;141;24.81
147;149;56.54
147;151;56.83
147;152;52.89
147;153;35.94
147;155;74.54
147;156;48.73
147;160;19.14
147;164;27.33
147;179;8.29
148;123;82.58
148;125;47.29
148;126;30.35
148;131;23.21
148;133;22.62
148;136;14.11
148;138;11.78
148;143;10.02
148;144;56.15
148;145;82.61
148;156;29.13
148;157;71.72
148;160;94.43
148;163;41.22
148;193;78.66
149;94;14.26
149;123;81.49
149;125;93.39
149;134;69.43
149;135;25.70
149;141;37.13
149;143;34.44
149;147;56.54
149;154;97.77
149;158;90.26
149;162;41.00
149;169;41.85
149;174;16.84
149;175;70.97
149;176;83.75
150;126;81.65
150;137;82.82
150;144;16.71
150;145;20.11
150;152;32.67
150;153;21.20
150;155;86.20
150;158;24.87
150;163;10.90
150;166;77.15
150;168;70.13
150;173;14.36
150;175;20.58
150;176;39.73
150;178;97.01
151;132;15.17
151;138;80.99
151;140;64.37
151;141;53.49
151;144;5.69
151;147;56.83
151;152;19.73
151;153;59.50
151;157;73.36
151;161;1.08
151;162;28.18
151;164;98.36
151;166;32.53
151;167;41.85
151;189;88.12
152;124;24.37
152;137;63.36
152;138;33.57
152;141;51.50
152;144;69.27
152;145;60.77
152;146;49.69
152;147;52.89
152;150;32.67
152;151;19.73
152;155;5.32
152;161;95.27
152;163;93.09
152;187;67.61
152;207;10.75
153;139;49.88
153;144;74.80
153;145;96.58
153;146;66.05
153;147;35.94
153;150;21.20
153;151;59.50
153;154;7.53
153;156;75.48
153;164;61.97
153;167;46.18
153;168;33.44
153;175;58.70
153;179;97.08
153;187;66.95
154;139;12.97
154;142;20.67
154;146;20.64
154;149;97.77
154;153;7.53
154;155;85.62
154;156;23.21
154;158;72.09
154;161;22.53
154;162;32.26
154;165;24.58
154;167;8.54
154;168;35.67
154;169;56.50
154;177;3.74
155;97;65.98
155;123;68.71
155;131;79.25
155;132;57.07
155;141;53.07
155;147;74.54
155;150;86.20
155;152;5.32
155;154;85.62
155;158;19.93
155;159;40.09
155;163;53.59
155;167;9.32
155;168;35.09
155;169;67.23
156;110;62.21
156;137;28.57
156;143;87.21
156;147;48.73
156;148;29.13
156;153;75.48
156;154;23.21
156;158;93.44
156;159;31.39
156;160;67.07
156;164;10.11
156;165;49.65
156;179;86.88
156;192;94.27
156;206;17.28
157;83;5.70
157;111;49.06
157;126;91.94
157;128;82.90
157;134;69.99
157;138;67.88
157;148;71.72
157;151;73.36
157;160;53.87
157;161;20.00
157;162;56.67
157;164;9.27
157;173;40.28
157;180;24.57
157;194;20.75
158;136;9.66
158;140;5.96
158;149;90.26
158;150;24.87
158;154;72.09
158;155;19.93
158;156;93.44
158;159;97.63
158;160;13.26
158;161;34.45
158;162;12.52
158;165;10.84
158;178;37.40
158;195;56.85
158;201;76.06
159;66;66.55
159;134;25.52
159;138;29.11
159;143;41.98
159;155;40.09
159;156;31.39
159;158;97.63
159;163;72.42
159;165;89.79
159;168;51.09
159;176;8.48
159;181;90.60
159;190;76.66
159;191;7.73
159;202;75.08
160;115;51.49
160;128;53.51
160;147;19.14
160;148;94.43
160;156;67.07
160;157;53.87
160;158;13.26
160;161;19.24
160;163;69.64
160;166;33.91
160;171;87.75
160;177;48.53
160;182;8.46
160;184;6.90
160;197;36.37
161;113;87.13
161;115;14.74
161;136;2.74
161;141;11.35
161;143;79.70
161;151;1.08
161;152;95.27
161;154;22.53
161;157;20.00
161;158;34.45
161;160;19.24
161;165;98.98
161;173;33.70
161;175;7.17
161;182;91.35
162;105;84.07
162;116;81.07
162;131;85.37
162;145;20.62
162;149;41.00
162;151;28.18
162;154;32.26
162;157;56.67
162;158;12.52
162;165;14.40
162;166;59.86
162;175;75.91
162;180;16.56
162;203;2.87
162;209;31.89
163;148;41.22
163;150;10.90
163;152;93.09
163;155;53.59
163;159;72.42
163;160;69.64
163;164;92.26
163;165;5.35
163;166;97.88
163;167;99.94
163;168;17.91
163;169;84.72
163;177;28.38
163;178;99.79
163;204;62.15
164;124;98.13
164;136;31.89
164;147;27.33
164;151;98.36
164;153;61.97
164;156;10.11
164;157;9.27
164;163;92.26
164;168;30.29
164;169;95.45
164;172;50.44
164;174;5.99
164;175;20.07
164;180;25.64
164;193;58.91
165;154;24.58
165;156;49.65
165;158;10.84
165;159;89.79
165;161;98.98
165;162;14.40
165;163;5.35
165;166;88.40
165;168;46.06
165;171;46.49
165;173;87.25
165;181;72.74
165;182;13.24
165;187;16.78
165;194;54.18
166;128;6.59
166;150;77.15
166;151;32.53
166;160;33.91
166;162;59.86
166;163;97.88
166;165;88.40
166;174;53.30
166;175;15.11
166;177;39.23
166;178;24.57
166;179;93.15
166;183;77.46
166;198;74.22
166;199;52.89
167;143;26.50
167;151;41.85
167;153;46.18
167;154;8.54
167;155;9.32
167;163;99.94
167;169;49.15
167;170;8.60
167;173;13.33
167;176;21.76
167;181;83.81
167;185;5.93
167;186;39.51
167;187;81.33
167;232;40.55
168;116;83.05
168;122;60.82
168;137;29.37
168;150;70.13
168;153;33.44
168;154;35.67
168;155;35.09
168;159;51.09
168;163;17.91
168;164;30.29
168;165;46.06
168;172;47.07
168;177;38.49
168;184;60.63
168;193;87.86
169;144;5.05
169;149;41.85
169;154;56.50
169;155;67.23
169;163;84.72
169;164;95.45
169;167;49.15
169;171;78.34
169;173;50.59
169;176;26.11
169;181;42.11
169;182;73.78
169;191;33.45
169;196;7.66
169;200;46.32
170;133;33.01
170;138;64.90
170;167;8.60
170;171;93.90
170;172;9.96
170;173;66.66
170;175;85.27
170;176;15.40
170;181;65.32
170;182;61.28
170;185;51.80
170;188;27.30
170;196;37.35
170;197;96.05
170;210;89.31
171;114;95.07
171;136;3.04
171;142;91.05
171;160;87.75
171;165;46.49
171;169;78.34
171;170;93.90
171;172;56.18
171;174;88.66
171;175;30.25
171;177;94.97
171;178;87.85
171;181;56.26
171;187;83.47
171;194;19.18
172;146;62.42
172;164;50.44
172;168;47.07
172;170;9.96
172;171;56.18
172;173;91.29
172;175;73.38
172;177;84.59
172;178;11.58
172;181;90.90
172;182;45.80
172;188;34.10
172;191;33.25
172;200;76.63
172;225;16.31
173;92;32.44
173;111;96.45
173;150;14.36
173;157;40.28
173;161;33.70
173;165;87.25
173;167;13.33
173;169;50.59
173;170;66.66
173;172;91.29
173;184;90.59
173;186;94.21
173;188;74.27
173;189;59.05
173;200;68.67
174;149;16.84
174;164;5.99
174;166;53.30
174;171;88.66
174;175;48.27
174;177;34.30
174;178;6.21
174;180;24.89
174;181;77.72
174;188;39.25
174;189;20.06
174;194;10.85
174;196;64.60
174;197;74.89
174;204;22.93
175;149;70.97
175;150;20.58
175;153;58.70
175;161;7.17
175;162;75.91
175;164;20.07
175;166;15.11
175;170;85.27
175;171;30.25
175;172;73.38
175;174;48.27
175;184;58.40
175;187;44.40
175;188;55.21
175;200;46.17
176;125;37.77
176;149;83.75
176;150;39.73
176;159;8.48
176;167;21.76
176;169;26.11
176;170;15.40
176;179;95.92
176;180;87.79
176;181;93.71
176;182;92.06
176;183;47.73
176;190;85.28
176;191;57.94
176;213;65.61
177;154;3.74
177;160;48.53
177;163;28.38
177;166;39.23
177;168;38.49
177;171;94.97
177;172;84.59
177;174;34.30
177;178;44.92
177;182;14.87
177;184;63.20
177;187;94.61
177;191;94.26
177;200;9.02
177;202;12.72
178;117;64.35
178;133;9.41
178;150;97.01
178;158;37.40
178;163;99.79
178;166;24.57
178;171;87.85
178;172;11.58
178;174;6.21
178;177;44.92
178;183;58.56
178;185;82.70
178;186;28.60
178;198;80.26
178;216;82.56
179;145;10.02
179;147;8.29
179;153;97.08
179;156;86.88
179;166;93.15
179;176;95.92
179;181;72.93
179;183;94.75
179;184;33.84
179;186;2.89
179;187;88.09
179;188;55.74
179;194;2.91
179;204;37.57
179;248;54.55
180;146;54.72
180;157;24.57
180;162;16.56
180;164;25.64
180;174;24.89
180;176;87.79
180;181;56.95
180;182;65.89
180;184;12.51
180;187;60.57
180;189;19.29
180;194;4.11
180;202;17.87
180;214;2.29
180;219;64.10
181;131;26.47
181;159;90.60
181;165;72.74
181;167;83.81
181;169;42.11
181;170;65.32
181;171;56.26
181;172;90.90
181;174;77.72
181;176;93.71
181;179;72.93
181;180;56.95
181;183;95.09
181;187;77.47
181;205;18.19
182;126;25.35
182;130;41.50
182;160;8.46
182;161;91.35
182;165;13.24
182;169;73.78
182;170;61.28
182;172;45.80
182;176;92.06
182;177;14.87
182;180;65.89
182;186;14.17
182;187;77.29
182;189;81.76
182;191;70.41
183;166;77.46
183;176;47.73
183;178;58.56
183;179;94.75
183;181;95.09
183;184;96.83
183;185;34.03
183;186;22.11
183;189;36.45
183;193;12.33
183;196;68.61
183;201;20.18
183;202;37.91
183;205;61.99
183;207;45.52
184;141;86.08
184;160;6.90
184;168;60.63
184;173;90.59
184;175;58.40
184;177;63.20
184;179;33.84
184;180;12.51
184;183;96.83
184;186;77.52
184;189;54.82
184;191;23.78
184;198;40.46
184;202;10.17
184;221;12.00
185;167;5.93
185;170;51.80
185;178;82.70
185;183;34.03
185;187;17.89
185;188;98.91
185;189;37.34
185;192;50.97
185;196;69.82
185;201;23.34
185;204;33.35
185;206;61.28
185;212;73.34
185;217;39.27
185;232;11.47
186;105;61.66
186;167;39.51
186;173;94.21
186;178;28.60
186;179;2.89
186;182;14.17
186;183;22.11
186;184;77.52
186;188;57.59
186;189;38.31
186;194;21.90
186;197;72.39
186;208;90.99
186;237;80.30
186;240;32.14
187;152;67.61
187;153;66.95
187;165;16.78
187;167;81.33
187;171;83.47
187;175;44.40
187;177;94.61
187;179;88.09
187;180;60.57
187;181;77.47
187;182;77.29
187;185;17.89
187;188;20.43
187;202;49.44
187;218;29.66
188;170;27.30
188;172;34.10
188;173;74.27
188;174;39.25
188;175;55.21
188;179;55.74
188;185;98.91
188;186;57.59
188;187;20.43
188;190;25.29
188;193;55.25
188;198;40.13
188;200;23.90
188;207;77.97
188;209;2.73
189;133;54.77
189;151;88.12
189;173;59.05
189;174;20.06
189;180;19.29
189;182;81.76
189;183;36.45
189;184;54.82
189;185;37.34
189;186;38.31
189;190;1.11
189;191;38.24
189;192;10.07
189;204;35.26
189;205;5.62
190;159;76.66
190;176;85.28
190;188;25.29
190;189;1.11
190;191;33.57
190;192;74.19
190;193;83.36
190;194;37.45
190;195;59.83
190;197;27.37
190;198;38.99
190;200;67.54
190;208;9.22
190;209;45.70
190;235;81.86
191;159;7.73
191;169;33.45
191;172;33.25
191;176;57.94
191;177;94.26
191;182;70.41
191;184;23.78
191;189;38.24
191;190;33.57
191;194;35.15
191;195;5.58
191;197;60.54
191;204;44.07
191;205;69.86
191;234;56.54
192;156;94.27
192;185;50.97
192;189;10.07
192;190;74.19
192;193;1.45
192;194;62.00
192;195;80.98
192;196;39.94
192;197;19.04
192;201;37.64
192;202;65.08
192;204;48.38
192;206;61.39
192;209;85.04
192;230;70.86
193;148;78.66
193;164;58.91
193;168;87.86
193;183;12.33
193;188;55.25
193;190;83.36
193;192;1.45
193;196;99.94
193;197;18.98
193;198;68.73
193;206;88.15
193;208;83.94
193;213;71.27
193;225;38.15
193;229;62.41
194;157;20.75
194;165;54.18
194;171;19.18
194;174;10.85
194;179;2.91
194;180;4.11
194;186;21.90
194;190;37.45
194;191;35.15
194;192;62.00
194;198;5.03
194;207;52.11
194;209;10.65
194;212;4.69
194;216;38.48
195;158;56.85
195;190;59.83
195;191;5.58
195;192;80.98
195;196;7.66
195;200;97.46
195;202;77.12
195;203;7.55
195;204;20.65
195;206;94.74
195;207;49.94
195;216;80.55
195;218;33.03
195;234;5.05
195;238;11.01
196;169;7.66
196;170;37.35
196;174;64.60
196;183;68.61
196;185;69.82
196;192;39.94
196;193;99.94
196;195;7.66
196;197;48.48
196;203;41.04
196;205;19.17
196;207;7.37
196;208;34.60
196;219;41.15
196;228;67.35
197;131;14.94
197;160;36.37
197;170;96.05
197;174;74.89
197;186;72.39
197;190;27.37
197;191;60.54
197;192;19.04
197;193;18.98
197;196;48.48
197;204;38.97
197;205;45.22
197;211;28.18
197;216;32.10
197;223;25.51
198;166;74.22
198;178;80.26
198;184;40.46
198;188;40.13
198;190;38.99
198;193;68.73
198;194;5.03
198;199;28.89
198;200;43.92
198;202;93.41
198;207;62.70
198;210;10.22
198;217;57.90
198;224;7.28
198;249;20.65
199;112;88.87
199;166;52.89
199;198;28.89
199;200;35.01
199;201;62.37
199;203;32.52
199;204;17.10
199;205;31.19
199;206;34.87
199;207;75.90
199;217;35.05
199;219;39.55
199;232;34.71
199;236;52.93
199;249;61.06
200;169;46.32
200;172;76.63
200;173;68.67
200;175;46.17
200;177;9.02
200;188;23.90
200;190;67.54
200;195;97.46
200;198;43.92
200;199;35.01
200;202;95.28
200;203;22.29
200;205;45.22
200;207;5.90
200;208;26.48
201;158;76.06
201;183;20.18
201;185;23.34
201;192;37.64
201;199;62.37
201;202;72.03
201;203;73.46
201;205;33.61
201;206;44.51
201;207;48.57
201;208;5.10
201;215;45.63
201;218;78.12
201;219;12.31
201;232;36.64
202;159;75.08
202;177;12.72
202;180;17.87
202;183;37.91
202;184;10.17
202;187;49.44
202;192;65.08
202;195;77.12
202;198;93.41
202;200;95.28
202;201;72.03
202;206;84.21
202;207;18.48
202;238;92.41
202;259;79.34
203;162;2.87
203;195;7.55
203;196;41.04
203;199;32.52
203;200;22.29
203;201;73.46
203;204;95.68
203;206;50.14
203;207;26.85
203;208;36.62
203;211;99.55
203;218;9.06
203;223;4.18
203;226;63.53
203;236;65.93
204;163;62.15
204;174;22.93
204;179;37.57
204;185;33.35
204;189;35.26
204;191;44.07
204;192;48.38
204;195;20.65
204;197;38.97
204;199;17.10
204;203;95.68
204;205;27.89
204;209;40.00
204;215;69.46
204;266;93.68
205;181;18.19
205;183;61.99
205;189;5.62
205;191;69.86
205;196;19.17
205;197;45.22
205;199;31.19
205;200;45.22
205;201;33.61
205;204;27.89
205;206;19.23
205;212;75.43
205;215;19.15
205;232;14.33
205;252;99.76
206;156;17.28
206;185;61.28
206;192;61.39
206;193;88.15
206;195;94.74
206;199;34.87
206;201;44.51
206;202;84.21
206;203;50.14
206;205;19.23
206;208;15.46
206;209;28.85
206;211;99.39
206;217;94.76
206;231;38.61
207;152;10.75
207;183;45.52
207;188;77.97
207;194;52.11
207;195;49.94
207;196;7.37
