source;target;weight
0;6;94.28
0;8;26.98
0;10;35.95
0;11;15.42
0;20;46.07
0;28;36.02
0;30;21.47
0;35;42.93
0;37;35.10
0;38;11.54
0;40;64.98
0;47;34.82
0;51;2.72
0;54;68.15
0;64;60.89
0;68;11.42
0;73;22.38
0;76;78.07
0;78;5.46
0;80;82.37
0;81;13.98
0;87;58.93
0;89;94.16
0;93;20.29
0;98;28.40
1;4;97.19
1;6;90.92
1;13;40.78
1;17;65.98
1;19;4.59
1;20;13.66
1;24;14.04
1;32;61.12
1;36;74.09
1;43;20.94
1;45;19.15
1;46;50.09
1;50;25.34
1;51;3.68
1;53;29.64
1;56;91.23
1;57;11.29
1;64;52.85
1;66;10.07
1;69;73.24
1;72;53.50
1;73;34.09
1;74;52.55
1;78;87.44
1;83;83.44
1;90;92.61
1;91;16.67
1;92;82.52
1;99;72.18
2;4;24.88
2;6;26.59
2;12;16.09
2;15;32.04
2;17;89.10
2;28;23.25
2;40;98.01
2;41;41.68
2;46;31.39
2;48;60.08
2;52;23.95
2;55;38.18
2;59;22.74
2;60;56.11
2;61;82.03
2;66;74.04
2;68;44.45
2;70;21.33
2;71;79.88
2;72;10.19
2;75;39.13
2;77;38.67
2;78;94.97
2;79;85.12
2;82;72.58
2;88;6.24
2;90;54.16
2;95;86.10
2;96;97.65
2;97;26.66
2;98;37.17
3;5;52.04
3;10;66.47
3;15;49.64
3;21;12.43
3;24;46.55
3;25;73.16
3;27;38.77
3;31;48.42
3;33;6.29
3;34;2.46
3;37;60.68
3;38;77.30
3;42;58.63
3;52;69.92
3;53;12.27
3;56;67.33
3;57;82.94
3;58;27.09
3;66;79.69
3;67;71.37
3;76;79.01
3;84;35.29
3;90;41.66
4;1;97.19
4;2;24.88
4;6;9.54
4;7;26.38
4;9;56.84
4;10;74.27
4;13;6.68
4;15;97.00
4;17;72.71
4;20;79.90
4;21;26.23
4;22;88.66
4;25;53.63
4;26;52.74
4;31;5.94
4;34;41.96
4;35;98.87
4;44;43.70
4;45;39.34
4;47;13.05
4;48;18.04
4;49;44.94
4;51;35.46
4;52;83.50
4;57;62.68
4;67;22.19
4;68;6.41
4;72;7.81
4;75;5.62
4;78;25.76
4;79;81.25
4;85;93.34
4;87;40.74
4;95;65.72
4;98;95.85
5;3;52.04
5;7;99.88
5;13;12.84
5;15;70.63
5;21;47.26
5;27;48.02
5;29;68.51
5;31;60.47
5;32;90.46
5;36;25.34
5;37;75.70
5;40;89.86
5;48;98.96
5;60;13.80
5;61;9.53
5;62;21.39
5;64;49.49
5;66;5.41
5;67;34.47
5;72;21.04
5;74;65.03
5;75;65.18
5;78;53.04
5;79;95.28
5;81;17.26
5;82;5.09
5;94;17.74
5;95;4.03
6;0;94.28
6;1;90.92
6;2;26.59
6;4;9.54
6;7;95.41
6;8;24.18
6;16;12.49
6;17;22.53
6;20;56.04
6;23;77.48
6;27;78.57
6;32;79.70
6;34;48.93
6;35;70.23
6;36;31.93
6;37;10.12
6;39;32.40
6;43;67.98
6;50;85.46
6;52;97.81
6;53;19.21
6;60;81.78
6;66;76.45
6;76;5.96
6;78;73.80
6;86;66.56
6;87;83.95
6;94;87.14
6;95;19.92
6;97;80.19
7;4;26.38
7;5;99.88
7;6;95.41
7;9;62.96
7;12;26.67
7;14;15.09
7;22;46.48
7;23;10.36
7;26;85.86
7;31;4.50
7;43;31.44
7;45;7.10
7;46;19.71
7;49;32.41
7;51;87.91
7;52;47.78
7;54;17.58
7;56;30.98
7;58;82.51
7;64;97.78
7;66;59.86
7;68;51.69
7;72;24.96
7;75;45.24
7;78;59.92
7;87;9.56
7;90;19.46
7;91;15.35
7;93;16.75
7;95;51.19
8;0;26.98
8;6;24.18
8;9;53.41
8;10;42.55
8;12;84.85
8;13;49.76
8;14;3.04
8;17;95.41
8;19;13.55
8;28;50.14
8;30;52.99
8;32;43.82
8;33;29.42
8;44;16.94
8;51;58.99
8;56;83.21
8;57;62.77
8;61;91.25
8;63;55.06
8;64;21.37
8;65;96.59
8;81;91.79
8;82;76.38
8;83;79.78
8;90;28.71
9;4;56.84
9;7;62.96
9;8;53.41
9;17;73.14
9;20;8.79
9;25;17.80
9;29;37.85
9;37;72.34
9;38;60.15
9;46;70.06
9;55;83.75
9;62;19.83
9;66;37.70
9;73;25.61
9;74;16.01
9;77;42.89
9;78;29.71
9;79;53.20
9;82;8.25
9;84;81.17
9;86;56.28
9;87;55.69
9;89;70.40
9;91;65.12
9;95;56.89
9;96;67.15
9;98;94.12
10;0;35.95
10;3;66.47
10;4;74.27
10;8;42.55
10;11;66.86
10;15;97.21
10;17;78.38
10;23;97.73
10;24;83.94
10;25;29.91
10;28;19.64
10;29;64.65
10;35;59.17
10;36;69.36
10;47;77.53
10;49;23.41
10;51;61.99
10;52;9.96
10;56;60.11
10;58;90.92
10;64;26.73
10;70;17.36
10;74;14.44
10;78;37.04
10;82;11.73
10;87;11.74
10;88;42.30
10;92;61.33
10;93;48.53
10;94;7.35
11;0;15.42
11;10;66.86
11;12;56.48
11;20;23.00
11;21;85.05
11;23;75.95
11;26;55.29
11;27;8.25
11;37;74.67
11;39;27.73
11;40;43.83
11;44;47.14
11;45;38.00
11;46;74.82
11;47;11.65
11;48;92.21
11;56;76.66
11;57;61.77
11;60;97.47
11;67;34.16
11;70;89.56
11;72;8.84
11;74;3.63
11;76;4.90
11;82;39.99
11;85;74.78
11;89;20.74
11;90;12.52
11;93;87.50
11;95;46.87
11;98;80.17
12;2;16.09
12;7;26.67
12;8;84.85
12;11;56.48
12;16;21.06
12;20;99.31
12;22;59.53
12;26;69.94
12;31;28.99
12;33;3.60
12;41;54.50
12;43;1.71
12;44;48.93
12;45;10.99
12;47;59.87
12;55;88.16
12;62;73.25
12;63;31.26
12;67;14.25
12;71;15.16
12;72;25.92
12;73;16.53
12;75;68.95
12;76;12.83
12;77;79.45
12;79;86.27
12;81;58.52
12;82;70.77
12;84;81.33
12;86;67.40
12;88;89.90
12;90;5.68
12;92;58.30
12;96;72.11
12;97;79.89
12;98;60.81
13;1;40.78
13;4;6.68
13;5;12.84
13;8;49.76
13;15;79.84
13;20;97.63
13;21;76.33
13;25;82.90
13;26;53.94
13;27;57.05
13;28;30.02
13;29;98.05
13;37;35.79
13;42;5.09
13;43;99.52
13;46;19.01
13;47;97.32
13;48;72.32
13;53;68.31
13;63;48.92
13;66;33.22
13;72;50.99
13;73;40.41
13;74;18.03
13;75;91.83
13;76;77.10
13;77;15.01
13;78;66.87
13;89;57.46
13;93;94.68
13;98;56.18
13;99;41.31
14;7;15.09
14;8;3.04
14;15;31.59
14;16;14.99
14;17;92.75
14;18;44.85
14;27;10.02
14;29;13.71
14;35;64.84
14;38;40.24
14;40;25.83
14;41;33.89
14;42;97.76
14;45;76.74
14;47;86.17
14;50;24.18
14;53;61.73
14;56;47.23
14;57;67.78
14;60;32.38
14;74;56.45
14;75;55.79
14;76;1.87
14;78;3.19
14;82;59.37
14;83;46.79
14;88;61.72
14;89;10.32
14;90;29.18
14;93;97.04
14;97;5.36
15;2;32.04
15;3;49.64
15;4;97.00
15;5;70.63
15;10;97.21
15;13;79.84
15;14;31.59
15;19;55.29
15;26;5.55
15;28;34.65
15;29;59.99
15;31;21.35
15;32;70.56
15;35;88.62
15;38;34.87
15;40;31.05
15;46;99.34
15;47;4.94
15;50;57.28
15;55;46.61
15;57;39.48
15;64;29.30
15;70;48.55
15;73;70.63
15;74;58.51
15;83;65.20
15;84;63.31
15;92;96.29
15;93;34.82
15;94;83.64
15;95;56.77
16;6;12.49
16;12;21.06
16;14;14.99
16;17;19.69
16;20;34.88
16;22;38.38
16;24;24.76
16;26;4.89
16;27;31.37
16;33;70.10
16;35;56.53
16;36;66.56
16;37;23.17
16;44;92.65
16;46;31.89
16;48;74.49
16;59;9.45
16;67;92.26
16;69;44.81
16;71;38.61
16;72;16.67
16;77;92.56
16;79;8.31
16;85;33.54
16;86;82.67
16;98;94.04
17;1;65.98
17;2;89.10
17;4;72.71
17;6;22.53
17;8;95.41
17;9;73.14
17;10;78.38
17;14;92.75
17;16;19.69
17;24;16.88
17;28;1.61
17;36;5.80
17;37;53.33
17;39;19.64
17;41;73.00
17;45;73.03
17;46;21.20
17;47;63.17
17;49;57.81
17;53;23.37
17;54;95.38
17;59;10.23
17;60;54.73
17;61;19.01
17;64;76.91
17;77;4.76
17;79;61.44
17;85;22.59
17;99;30.49
18;14;44.85
18;26;71.12
18;37;88.06
18;39;17.12
18;42;53.81
18;44;30.02
18;47;65.83
18;54;80.68
18;55;53.49
18;56;32.86
18;58;32.18
18;59;32.64
18;63;2.50
18;64;15.92
18;66;18.51
18;68;16.93
18;70;82.09
18;73;76.94
18;74;85.56
18;80;42.78
18;82;50.77
18;89;8.56
18;90;92.31
18;98;88.58
18;99;66.88
19;1;4.59
19;8;13.55
19;15;55.29
19;23;8.56
19;25;20.30
19;27;8.90
19;32;77.30
19;34;13.41
19;36;26.91
19;39;26.43
19;42;94.27
19;45;68.73
19;46;86.38
19;49;1.57
19;50;70.25
19;51;65.31
19;54;66.17
19;55;96.00
19;57;43.70
19;60;67.71
19;64;96.91
19;67;33.16
19;70;67.48
19;74;40.02
19;75;48.56
19;76;41.02
19;79;23.25
19;82;97.22
19;88;63.08
19;94;75.18
19;95;24.08
20;0;46.07
20;1;13.66
20;4;79.90
20;6;56.04
20;9;8.79
20;11;23.00
20;12;99.31
20;13;97.63
20;16;34.88
20;27;81.49
20;32;8.17
20;33;60.34
20;34;71.64
20;35;84.95
20;39;24.64
20;44;81.06
20;47;84.13
20;51;4.77
20;58;11.69
20;62;42.97
20;65;87.09
20;71;28.33
20;73;88.87
20;75;93.83
20;84;37.74
20;86;82.15
20;87;51.65
20;94;86.57
20;95;86.46
20;99;3.79
21;3;12.43
21;4;26.23
21;5;47.26
21;11;85.05
21;13;76.33
21;26;77.64
21;28;94.29
21;31;15.09
21;35;50.63
21;37;99.60
21;39;12.28
21;40;53.97
21;42;14.07
21;50;45.55
21;54;12.70
21;58;11.83
21;59;35.04
21;62;58.68
21;74;71.14
21;78;97.99
21;81;45.55
21;82;30.00
21;84;90.34
21;87;31.00
21;92;7.43
21;99;26.06
22;4;88.66
22;7;46.48
22;12;59.53
22;16;38.38
22;23;94.10
22;30;93.49
22;31;72.65
22;33;9.97
22;34;65.51
22;39;84.84
22;40;74.18
22;43;49.98
22;56;69.65
22;58;65.64
22;60;16.26
22;64;94.31
22;72;62.48
22;77;19.19
22;81;14.78
22;85;63.56
22;86;22.81
22;89;50.24
22;93;91.42
23;6;77.48
23;7;10.36
23;10;97.73
23;11;75.95
23;19;8.56
23;22;94.10
23;26;38.85
23;33;32.09
23;34;64.01
23;35;9.86
23;36;76.37
23;37;64.79
23;53;12.52
23;54;32.13
23;61;46.89
23;62;78.20
23;63;58.84
23;74;88.41
23;75;96.39
23;84;22.33
23;85;84.08
23;87;18.79
23;89;50.06
23;91;33.15
23;92;66.09
23;96;13.49
23;98;59.44
24;1;14.04
24;3;46.55
24;10;83.94
24;16;24.76
24;17;16.88
24;25;97.72
24;28;97.02
24;31;75.83
24;32;12.22
24;33;12.32
24;34;29.66
24;36;57.28
24;37;9.91
24;42;98.56
24;43;8.78
24;44;17.86
24;48;11.70
24;50;14.85
24;53;46.93
24;56;46.01
24;57;56.12
24;60;52.66
24;65;35.74
24;66;17.54
24;67;23.13
24;68;71.47
24;73;20.32
24;77;93.27
24;82;2.75
24;84;52.07
24;85;28.53
24;86;2.96
24;87;33.27
24;89;47.71
24;90;62.41
24;95;75.43
24;97;66.36
24;98;79.13
25;3;73.16
25;4;53.63
25;9;17.80
25;10;29.91
25;13;82.90
25;19;20.30
25;24;97.72
25;27;54.42
25;35;55.10
25;36;96.37
25;38;83.78
25;39;70.26
25;42;85.34
25;49;62.84
25;52;65.59
25;54;4.26
25;57;4.06
25;61;33.74
25;63;55.54
25;66;20.35
25;67;90.66
25;69;32.56
25;71;16.45
25;73;47.72
25;85;26.99
25;87;35.89
25;90;42.30
25;94;48.19
26;4;52.74
26;7;85.86
26;11;55.29
26;12;69.94
26;13;53.94
26;15;5.55
26;16;4.89
26;18;71.12
26;21;77.64
26;23;38.85
26;31;82.65
26;38;81.70
26;42;31.15
26;43;70.39
26;46;61.85
26;50;78.30
26;52;4.75
26;55;77.59
26;59;57.54
26;60;3.24
26;61;33.50
26;64;19.93
26;72;31.29
26;75;11.16
26;81;92.82
26;90;65.20
26;91;20.39
26;92;33.35
26;93;29.36
26;95;6.06
26;99;79.35
27;3;38.77
27;5;48.02
27;6;78.57
27;11;8.25
27;13;57.05
27;14;10.02
27;16;31.37
27;19;8.90
27;20;81.49
27;25;54.42
27;29;83.20
27;30;83.19
27;33;34.79
27;42;37.82
27;43;91.11
27;46;47.83
27;48;72.65
27;49;79.54
27;51;45.88
27;59;14.17
27;60;32.04
27;68;33.05
27;69;88.60
27;70;7.69
27;80;25.14
27;86;67.77
27;90;19.73
27;91;96.96
27;97;57.59
28;0;36.02
28;2;23.25
28;8;50.14
28;10;19.64
28;13;30.02
28;15;34.65
28;17;1.61
28;21;94.29
28;24;97.02
28;30;28.63
28;34;31.58
28;39;60.51
28;47;30.44
28;50;41.81
28;51;90.04
28;54;19.84
28;56;73.90
28;64;75.71
28;65;7.50
28;67;85.90
28;69;15.04
28;71;61.67
28;77;75.57
28;80;78.54
28;82;76.88
28;84;70.04
28;85;24.85
28;91;79.90
28;92;74.44
28;94;89.93
28;95;88.15
29;5;68.51
29;9;37.85
29;10;64.65
29;13;98.05
29;14;13.71
29;15;59.99
29;27;83.20
29;32;31.74
29;34;12.14
29;37;79.38
29;38;45.36
29;42;96.44
29;49;37.54
29;52;2.32
29;55;28.76
29;56;3.17
29;57;70.01
29;60;39.42
29;64;72.60
29;65;46.55
29;66;85.11
29;69;75.85
29;72;56.26
29;77;62.57
29;82;33.98
29;84;43.36
29;92;93.16
29;95;10.78
29;98;26.12
30;0;21.47
30;8;52.99
30;22;93.49
30;27;83.19
30;28;28.63
30;33;3.55
30;34;80.37
30;37;13.30
30;39;8.09
30;40;96.85
30;42;26.39
30;47;49.18
30;49;29.23
30;50;53.33
30;52;74.21
30;53;28.54
30;56;36.45
30;59;32.44
30;64;31.16
30;67;53.48
30;69;79.38
30;70;5.96
30;77;21.23
30;80;43.72
30;83;2.84
30;85;6.84
30;89;42.82
30;91;72.10
30;92;4.82
30;96;70.81
30;99;76.91
31;3;48.42
31;4;5.94
31;5;60.47
31;7;4.50
31;12;28.99
31;15;21.35
31;21;15.09
31;22;72.65
31;24;75.83
31;26;82.65
31;32;66.01
31;35;69.81
31;36;58.28
31;37;32.32
31;39;61.08
31;43;24.30
31;44;67.56
31;47;80.98
31;52;93.98
31;59;1.33
31;60;97.92
31;61;9.70
31;64;4.90
31;68;84.66
31;69;48.63
31;73;78.73
31;80;19.10
31;83;82.29
31;84;5.08
31;85;43.23
31;86;61.62
31;90;42.65
31;91;71.38
31;93;45.86
31;97;3.67
32;1;61.12
32;5;90.46
32;6;79.70
32;8;43.82
32;15;70.56
32;19;77.30
32;20;8.17
32;24;12.22
32;29;31.74
32;31;66.01
32;39;36.40
32;40;91.24
32;44;47.68
32;45;25.45
32;51;80.96
32;54;33.37
32;57;30.50
32;76;69.21
32;78;78.18
32;80;9.24
32;82;79.33
32;86;29.24
32;88;27.02
32;95;21.98
33;3;6.29
33;8;29.42
33;12;3.60
33;16;70.10
33;20;60.34
33;22;9.97
33;23;32.09
33;24;12.32
33;27;34.79
33;30;3.55
33;44;14.19
33;45;28.65
33;46;6.40
33;49;49.40
33;51;84.66
33;53;63.77
33;55;72.89
33;57;6.70
33;59;51.33
33;64;38.86
33;65;93.42
33;67;51.52
33;71;63.86
33;77;40.55
33;80;32.63
33;87;17.84
34;3;2.46
34;4;41.96
34;6;48.93
34;19;13.41
34;20;71.64
34;22;65.51
34;23;64.01
34;24;29.66
34;28;31.58
34;29;12.14
34;30;80.37
34;41;66.92
34;44;62.18
34;54;17.75
34;56;61.31
34;62;91.11
34;63;30.44
34;66;4.71
34;69;25.60
34;71;89.99
34;73;75.98
34;76;18.17
34;78;76.67
34;79;43.58
34;88;56.40
34;93;9.97
34;97;5.34
35;0;42.93
35;4;98.87
35;6;70.23
35;10;59.17
35;14;64.84
35;15;88.62
35;16;56.53
35;20;84.95
35;21;50.63
35;23;9.86
35;25;55.10
35;31;69.81
35;39;51.19
35;40;4.47
35;43;84.76
35;44;27.35
35;47;62.37
35;50;42.24
35;51;33.55
35;54;66.80
35;57;68.67
35;60;45.01
35;62;54.49
35;63;76.03
35;64;50.61
35;70;97.29
35;72;80.29
35;81;43.61
35;82;12.72
35;83;14.09
35;84;26.76
35;90;78.29
36;1;74.09
36;5;25.34
36;6;31.93
36;10;69.36
36;16;66.56
36;17;5.80
36;19;26.91
36;23;76.37
36;24;57.28
36;25;96.37
36;31;58.28
36;39;48.40
36;41;81.50
36;42;54.22
36;47;34.06
36;52;55.21
36;54;14.16
36;58;97.04
36;69;59.93
36;70;45.11
36;71;37.47
36;76;69.64
36;77;11.88
36;79;70.13
36;87;86.27
36;88;1.59
36;91;15.01
36;96;57.33
37;0;35.10
37;3;60.68
37;5;75.70
37;6;10.12
37;9;72.34
37;11;74.67
37;13;35.79
37;16;23.17
37;17;53.33
37;18;88.06
37;21;99.60
37;23;64.79
37;24;9.91
37;29;79.38
37;30;13.30
37;31;32.32
37;39;76.51
37;51;31.87
37;62;88.28
37;76;72.60
37;78;29.83
37;79;40.91
37;84;5.51
37;86;47.98
37;91;67.50
37;94;1.04
37;98;60.09
38;0;11.54
38;3;77.30
38;9;60.15
38;14;40.24
38;15;34.87
38;25;83.78
38;26;81.70
38;29;45.36
38;41;94.32
38;45;66.45
38;47;44.36
38;48;64.22
38;66;7.28
38;70;54.74
38;71;63.92
38;74;23.61
38;75;88.28
38;81;6.78
38;95;99.61
38;96;5.55
38;97;36.43
38;98;69.73
39;6;32.40
39;11;27.73
39;17;19.64
39;18;17.12
39;19;26.43
39;20;24.64
39;21;12.28
39;22;84.84
39;25;70.26
39;28;60.51
39;30;8.09
39;31;61.08
39;32;36.40
39;35;51.19
39;36;48.40
39;37;76.51
39;44;76.39
39;48;68.79
39;50;9.18
39;56;16.84
39;70;28.54
39;74;55.88
39;75;61.02
39;77;97.74
39;84;60.39
39;87;38.15
39;90;80.47
39;95;68.07
40;0;64.98
40;2;98.01
40;5;89.86
40;11;43.83
40;14;25.83
40;15;31.05
40;21;53.97
40;22;74.18
40;30;96.85
40;32;91.24
40;35;4.47
40;41;14.15
40;42;80.73
40;43;57.63
40;45;4.51
40;54;26.13
40;55;41.08
40;56;97.63
40;69;89.14
40;77;91.07
40;78;88.29
40;81;8.28
40;86;12.29
40;89;68.57
40;97;88.83
40;98;86.39
40;99;18.55
41;2;41.68
41;12;54.50
41;14;33.89
41;17;73.00
41;34;66.92
41;36;81.50
41;38;94.32
41;40;14.15
41;44;26.50
41;48;95.33
41;52;19.94
41;54;13.66
41;56;53.40
41;58;75.67
41;60;25.79
41;62;77.29
41;63;13.75
41;68;58.14
41;73;73.99
41;75;78.12
41;82;18.79
41;84;17.92
41;86;15.63
41;92;59.43
42;3;58.63
42;13;5.09
42;14;97.76
42;18;53.81
42;19;94.27
42;21;14.07
42;24;98.56
42;25;85.34
42;26;31.15
42;27;37.82
42;29;96.44
42;30;26.39
42;36;54.22
42;40;80.73
42;44;6.03
42;46;99.29
42;49;4.73
42;51;96.01
42;53;17.01
42;55;60.06
42;61;38.42
42;67;59.74
42;68;68.94
42;69;9.92
42;71;70.25
42;78;54.10
42;79;89.80
42;80;6.37
42;93;38.08
42;94;20.94
42;97;1.89
42;99;46.74
43;1;20.94
43;6;67.98
43;7;31.44
43;12;1.71
43;13;99.52
43;22;49.98
43;24;8.78
43;26;70.39
43;27;91.11
43;31;24.30
43;35;84.76
43;40;57.63
43;44;58.99
43;51;34.27
43;57;99.77
43;60;74.41
43;61;62.65
43;62;20.44
43;70;44.76
43;71;81.48
43;74;14.18
43;75;57.96
43;76;47.11
43;79;33.39
43;80;98.99
43;85;29.91
43;89;16.16
43;92;97.90
44;4;43.70
44;8;16.94
44;11;47.14
44;12;48.93
44;16;92.65
44;18;30.02
44;20;81.06
44;24;17.86
44;31;67.56
44;32;47.68
44;33;14.19
44;34;62.18
44;35;27.35
44;39;76.39
44;41;26.50
44;42;6.03
44;43;58.99
44;45;14.73
44;46;70.76
44;47;21.11
44;50;58.70
44;53;55.76
44;55;71.22
44;62;64.12
44;65;64.57
44;69;83.08
44;70;98.51
44;72;34.71
44;73;39.86
44;75;22.45
44;76;38.03
44;81;44.54
44;82;15.05
44;87;46.78
44;88;19.01
44;90;51.75
44;91;16.85
44;95;96.23
44;97;17.08
45;1;19.15
45;4;39.34
45;7;7.10
45;11;38.00
45;12;10.99
45;14;76.74
45;17;73.03
45;19;68.73
45;32;25.45
45;33;28.65
45;38;66.45
45;40;4.51
45;44;14.73
45;48;16.07
45;49;82.23
45;50;90.42
45;52;65.12
45;63;8.66
45;66;44.61
45;69;42.97
45;75;33.17
45;76;27.95
45;77;51.15
45;79;98.20
45;81;5.70
45;84;45.40
45;88;20.01
45;89;55.58
45;90;69.82
46;1;50.09
46;2;31.39
46;7;19.71
46;9;70.06
46;11;74.82
46;13;19.01
46;15;99.34
46;16;31.89
46;17;21.20
46;19;86.38
46;26;61.85
46;27;47.83
46;33;6.40
46;42;99.29
46;44;70.76
46;48;88.79
46;49;44.11
46;50;25.03
46;53;96.26
46;54;10.05
46;56;96.76
46;57;19.93
46;60;92.56
46;62;73.89
46;68;43.29
46;69;41.10
46;72;34.59
46;75;66.45
46;80;81.91
46;81;53.27
46;89;25.74
46;91;92.76
46;92;47.26
46;93;8.65
46;97;80.80
46;98;26.30
47;0;34.82
47;4;13.05
47;10;77.53
47;11;11.65
47;12;59.87
47;13;97.32
47;14;86.17
47;15;4.94
47;17;63.17
47;18;65.83
47;20;84.13
47;28;30.44
47;30;49.18
47;31;80.98
47;35;62.37
47;36;34.06
47;38;44.36
47;44;21.11
47;49;26.14
47;51;21.77
47;53;30.11
47;54;75.79
47;57;56.09
47;59;9.55
47;64;41.56
47;66;50.08
47;67;83.32
47;71;2.71
47;73;89.78
47;75;24.12
47;77;87.13
47;79;32.01
47;80;12.80
47;85;39.29
47;91;53.40
47;93;69.45
47;94;90.52
47;95;72.57
47;96;59.23
47;98;30.03
47;99;48.70
48;2;60.08
48;4;18.04
48;5;98.96
48;11;92.21
48;13;72.32
48;16;74.49
48;24;11.70
48;27;72.65
48;38;64.22
48;39;68.79
48;41;95.33
48;45;16.07
48;46;88.79
48;51;14.28
48;57;14.52
48;61;49.77
48;63;52.73
48;65;98.49
48;73;79.72
48;74;56.57
48;75;68.12
48;78;41.83
48;87;50.28
48;94;79.89
48;96;39.73
48;99;76.52
49;4;44.94
49;7;32.41
49;10;23.41
49;17;57.81
49;19;1.57
49;25;62.84
49;27;79.54
49;29;37.54
49;30;29.23
49;33;49.40
49;42;4.73
49;45;82.23
49;46;44.11
49;47;26.14
49;51;77.57
49;53;25.62
49;55;96.10
49;56;33.50
49;61;35.89
49;65;53.83
49;67;3.18
49;73;9.86
49;74;61.88
49;81;57.23
49;86;53.45
49;87;54.65
49;89;40.84
49;96;27.47
49;98;48.91
50;1;25.34
50;6;85.46
50;14;24.18
50;15;57.28
50;19;70.25
50;21;45.55
50;24;14.85
50;26;78.30
50;28;41.81
50;30;53.33
50;35;42.24
50;39;9.18
50;44;58.70
50;45;90.42
50;46;25.03
50;66;59.30
50;69;40.08
50;70;24.64
50;72;14.51
50;84;92.10
50;87;13.74
50;88;11.79
50;91;62.66
50;92;92.28
50;94;99.10
50;97;67.09
50;99;33.95
51;0;2.72
51;1;3.68
51;4;35.46
51;7;87.91
51;8;58.99
51;10;61.99
51;19;65.31
51;20;4.77
51;27;45.88
51;28;90.04
51;32;80.96
51;33;84.66
51;35;33.55
51;37;31.87
51;42;96.01
51;43;34.27
51;47;21.77
51;48;14.28
51;49;77.57
51;52;10.24
51;53;76.33
51;54;54.97
51;57;66.94
51;60;97.50
51;70;94.68
51;74;30.85
51;75;51.76
51;79;33.45
51;80;20.50
51;81;83.29
51;84;98.66
51;91;76.65
51;97;95.22
52;2;23.95
52;3;69.92
52;4;83.50
52;6;97.81
52;7;47.78
52;10;9.96
52;25;65.59
52;26;4.75
52;29;2.32
52;30;74.21
52;31;93.98
52;36;55.21
52;41;19.94
52;45;65.12
52;51;10.24
52;60;24.07
52;62;78.84
52;63;11.48
52;66;1.44
52;68;86.22
52;69;22.88
52;71;42.50
52;74;69.57
52;79;61.76
52;82;75.66
52;87;22.25
52;93;29.13
52;97;65.68
52;98;87.35
53;1;29.64
53;3;12.27
53;6;19.21
53;13;68.31
53;14;61.73
53;17;23.37
53;23;12.52
53;24;46.93
53;30;28.54
53;33;63.77
53;42;17.01
53;44;55.76
53;46;96.26
53;47;30.11
53;49;25.62
53;51;76.33
53;64;51.73
53;65;7.05
53;67;44.44
53;69;37.27
53;75;12.59
53;76;48.20
53;78;63.50
53;81;42.57
53;82;24.19
53;87;36.87
53;89;1.23
53;92;45.54
53;95;9.25
53;97;28.51
53;98;41.06
53;99;62.52
54;0;68.15
54;7;17.58
54;17;95.38
54;18;80.68
54;19;66.17
54;21;12.70
54;23;32.13
54;25;4.26
54;28;19.84
54;32;33.37
54;34;17.75
54;35;66.80
54;36;14.16
54;40;26.13
54;41;13.66
54;46;10.05
54;47;75.79
54;51;54.97
54;69;71.58
54;74;50.16
54;77;84.63
54;79;64.39
54;80;51.34
54;83;16.81
54;87;88.91
54;92;36.67
55;2;38.18
55;9;83.75
55;12;88.16
55;15;46.61
55;18;53.49
55;19;96.00
55;26;77.59
55;29;28.76
55;33;72.89
55;40;41.08
55;42;60.06
55;44;71.22
55;49;96.10
55;56;90.96
55;64;64.49
55;67;4.53
55;71;14.08
55;72;48.06
55;73;20.45
55;80;42.78
55;81;18.06
55;89;64.93
55;91;2.13
55;97;62.48
56;1;91.23
56;3;67.33
56;7;30.98
56;8;83.21
56;10;60.11
56;11;76.66
56;14;47.23
56;18;32.86
56;22;69.65
56;24;46.01
56;28;73.90
56;29;3.17
56;30;36.45
56;34;61.31
56;39;16.84
56;40;97.63
56;41;53.40
56;46;96.76
56;49;33.50
56;55;90.96
56;60;49.94
56;63;86.13
56;64;72.46
56;65;31.62
56;69;99.69
56;70;54.99
56;77;79.12
56;81;36.78
56;82;57.85
56;84;44.04
56;93;14.96
56;96;2.54
56;99;47.90
57;1;11.29
57;3;82.94
57;4;62.68
57;8;62.77
57;11;61.77
57;14;67.78
57;15;39.48
57;19;43.70
57;24;56.12
57;25;4.06
57;29;70.01
57;32;30.50
57;33;6.70
57;35;68.67
57;43;99.77
57;46;19.93
57;47;56.09
57;48;14.52
57;51;66.94
57;59;72.16
57;62;63.28
57;70;7.36
57;74;95.88
57;76;9.74
57;80;69.16
57;81;64.99
57;99;10.99
58;3;27.09
58;7;82.51
58;10;90.92
58;18;32.18
58;20;11.69
58;21;11.83
58;22;65.64
58;36;97.04
58;41;75.67
58;59;35.49
58;62;31.18
58;66;99.59
58;67;50.93
58;75;25.24
58;76;75.64
58;84;12.44
58;86;66.04
58;95;27.23
58;98;24.17
58;99;96.10
59;2;22.74
59;16;9.45
59;17;10.23
59;18;32.64
59;21;35.04
59;26;57.54
59;27;14.17
59;30;32.44
59;31;1.33
59;33;51.33
59;47;9.55
59;57;72.16
59;58;35.49
59;66;75.58
59;71;41.31
59;72;6.57
59;79;57.16
59;84;9.07
59;89;69.83
59;90;68.68
59;91;81.50
59;93;36.06
59;94;84.39
60;2;56.11
60;5;13.80
60;6;81.78
60;11;97.47
60;14;32.38
60;17;54.73
60;19;67.71
60;22;16.26
60;24;52.66
60;26;3.24
60;27;32.04
60;29;39.42
60;31;97.92
60;35;45.01
60;41;25.79
60;43;74.41
60;46;92.56
60;51;97.50
60;52;24.07
60;56;49.94
60;64;76.56
60;73;86.86
60;75;65.04
60;84;90.84
60;87;53.68
60;88;31.55
60;89;78.97
60;91;18.14
60;92;41.98
60;98;54.85
61;2;82.03
61;5;9.53
61;8;91.25
61;17;19.01
61;23;46.89
61;25;33.74
61;26;33.50
61;31;9.70
61;42;38.42
61;43;62.65
61;48;49.77
61;49;35.89
61;64;88.93
61;68;29.68
61;70;4.69
61;81;32.97
61;83;29.13
61;87;27.64
61;92;52.65
61;93;68.10
61;99;75.86
62;5;21.39
62;9;19.83
62;12;73.25
62;20;42.97
62;21;58.68
62;23;78.20
62;34;91.11
62;35;54.49
62;37;88.28
62;41;77.29
62;43;20.44
62;44;64.12
62;46;73.89
62;52;78.84
62;57;63.28
62;58;31.18
62;64;28.38
62;73;5.62
62;74;89.36
62;75;86.34
62;77;64.23
62;79;70.66
62;80;14.02
62;81;85.44
62;93;85.34
62;94;22.30
63;8;55.06
63;12;31.26
63;13;48.92
63;18;2.50
63;23;58.84
63;25;55.54
63;34;30.44
63;35;76.03
63;41;13.75
63;45;8.66
63;48;52.73
63;52;11.48
63;56;86.13
63;64;90.69
63;65;29.31
63;68;49.32
63;69;45.06
63;72;13.86
63;74;85.73
63;78;53.44
63;80;35.10
63;83;66.45
63;84;73.36
63;86;23.74
63;96;68.82
63;97;97.41
64;0;60.89
64;1;52.85
64;5;49.49
64;7;97.78
64;8;21.37
64;10;26.73
64;15;29.30
64;17;76.91
64;18;15.92
64;19;96.91
64;22;94.31
64;26;19.93
64;28;75.71
64;29;72.60
64;30;31.16
64;31;4.90
64;33;38.86
64;35;50.61
64;47;41.56
64;53;51.73
64;55;64.49
64;56;72.46
64;60;76.56
64;61;88.93
64;62;28.38
64;63;90.69
64;65;49.37
64;66;64.99
64;69;42.09
64;73;42.86
64;76;85.99
64;78;66.95
64;79;14.19
64;81;19.95
64;82;45.78
64;83;27.34
64;87;82.33
64;91;41.74
64;93;34.50
64;96;96.01
64;98;50.96
65;8;96.59
65;20;87.09
65;24;35.74
65;28;7.50
65;29;46.55
65;33;93.42
65;44;64.57
65;48;98.49
65;49;53.83
65;53;7.05
65;56;31.62
65;63;29.31
65;64;49.37
65;68;69.08
65;69;63.37
65;72;44.47
65;77;55.15
65;82;62.34
65;84;24.27
65;85;10.50
65;86;92.35
65;92;40.30
65;99;7.39
66;1;10.07
66;2;74.04
66;3;79.69
66;5;5.41
66;6;76.45
66;7;59.86
66;9;37.70
66;13;33.22
66;18;18.51
66;24;17.54
66;25;20.35
66;29;85.11
66;34;4.71
66;38;7.28
66;45;44.61
66;47;50.08
66;50;59.30
66;52;1.44
66;58;99.59
66;59;75.58
66;64;64.99
66;67;25.87
66;69;10.93
66;72;73.58
66;75;39.01
66;76;70.47
66;77;82.09
66;78;59.89
66;81;94.38
66;84;87.20
66;86;94.20
66;87;45.40
66;91;88.23
67;3;71.37
67;4;22.19
67;5;34.47
67;11;34.16
67;12;14.25
67;16;92.26
67;19;33.16
67;24;23.13
67;25;90.66
67;28;85.90
67;30;53.48
67;33;51.52
67;42;59.74
67;47;83.32
67;49;3.18
67;53;44.44
67;55;4.53
67;58;50.93
67;66;25.87
67;69;40.62
67;72;49.57
67;73;12.05
67;76;15.40
67;77;10.06
67;81;43.10
67;83;2.36
67;86;46.44
67;96;88.74
68;0;11.42
68;2;44.45
68;4;6.41
68;7;51.69
68;18;16.93
68;24;71.47
68;27;33.05
68;31;84.66
68;41;58.14
68;42;68.94
68;46;43.29
68;52;86.22
68;61;29.68
68;63;49.32
68;65;69.08
68;72;20.50
68;73;69.86
68;76;48.48
68;78;86.55
68;81;4.11
68;82;85.47
68;83;9.56
68;87;43.78
68;88;62.56
68;89;34.96
68;90;96.18
68;96;8.97
68;98;8.23
68;99;90.03
69;1;73.24
69;16;44.81
69;25;32.56
69;27;88.60
69;28;15.04
69;29;75.85
69;30;79.38
69;31;48.63
69;34;25.60
69;36;59.93
69;40;89.14
69;42;9.92
69;44;83.08
69;45;42.97
69;46;41.10
69;50;40.08
69;52;22.88
69;53;37.27
69;54;71.58
69;56;99.69
69;63;45.06
69;64;42.09
69;65;63.37
69;66;10.93
69;67;40.62
69;70;40.16
69;71;47.50
69;73;2.62
69;75;12.70
69;76;52.02
69;77;67.29
69;82;93.43
69;83;9.29
69;85;15.10
69;86;20.73
69;93;81.82
69;94;71.30
69;97;8.68
69;99;74.85
70;2;21.33
70;10;17.36
70;11;89.56
70;15;48.55
70;18;82.09
70;19;67.48
70;27;7.69
70;30;5.96
70;35;97.29
70;36;45.11
70;38;54.74
70;39;28.54
70;43;44.76
70;44;98.51
70;50;24.64
70;51;94.68
70;56;54.99
70;57;7.36
70;61;4.69
70;69;40.16
70;74;93.73
70;80;93.30
70;82;80.09
70;86;99.98
70;87;7.87
70;88;24.88
70;94;34.51
70;96;79.44
70;97;27.35
71;2;79.88
71;12;15.16
71;16;38.61
71;20;28.33
71;25;16.45
71;28;61.67
71;33;63.86
71;34;89.99
71;36;37.47
71;38;63.92
71;42;70.25
71;43;81.48
71;47;2.71
71;52;42.50
71;55;14.08
71;59;41.31
71;69;47.50
71;73;44.92
71;76;35.62
71;77;97.99
71;81;39.88
71;90;2.25
71;98;62.17
71;99;91.15
72;1;53.50
72;2;10.19
72;4;7.81
72;5;21.04
72;7;24.96
72;11;8.84
72;12;25.92
72;13;50.99
72;16;16.67
72;22;62.48
72;26;31.29
72;29;56.26
72;35;80.29
72;44;34.71
72;46;34.59
72;50;14.51
72;55;48.06
72;59;6.57
72;63;13.86
72;65;44.47
72;66;73.58
72;67;49.57
72;68;20.50
72;73;26.68
72;75;29.81
72;76;35.10
72;77;57.04
72;78;17.42
72;79;68.91
72;87;60.02
72;88;35.64
72;92;81.12
72;93;36.44
72;94;46.61
72;95;39.16
72;99;76.46
73;0;22.38
73;1;34.09
73;9;25.61
73;12;16.53
73;13;40.41
73;15;70.63
73;18;76.94
73;20;88.87
73;24;20.32
73;25;47.72
73;31;78.73
73;34;75.98
73;41;73.99
73;44;39.86
73;47;89.78
73;48;79.72
73;49;9.86
73;55;20.45
73;60;86.86
73;62;5.62
73;64;42.86
73;67;12.05
73;68;69.86
73;69;2.62
73;71;44.92
73;72;26.68
73;80;16.35
73;83;63.79
73;86;27.75
73;90;4.36
73;91;30.36
73;93;40.19
73;95;30.74
74;1;52.55
74;5;65.03
74;9;16.01
74;10;14.44
74;11;3.63
74;13;18.03
74;14;56.45
74;15;58.51
74;18;85.56
74;19;40.02
74;21;71.14
74;23;88.41
74;38;23.61
74;39;55.88
74;43;14.18
74;48;56.57
74;49;61.88
74;51;30.85
74;52;69.57
74;54;50.16
74;57;95.88
74;62;89.36
74;63;85.73
74;70;93.73
74;75;60.09
74;76;54.64
74;77;93.67
74;79;94.56
74;81;83.56
74;82;48.46
74;83;80.27
74;84;6.17
74;85;8.45
74;90;16.28
75;2;39.13
75;4;5.62
75;5;65.18
75;7;45.24
75;12;68.95
75;13;91.83
75;14;55.79
75;19;48.56
75;20;93.83
75;23;96.39
75;26;11.16
75;38;88.28
75;39;61.02
75;41;78.12
75;43;57.96
75;44;22.45
75;45;33.17
75;46;66.45
75;47;24.12
75;48;68.12
75;51;51.76
75;53;12.59
75;58;25.24
75;60;65.04
75;62;86.34
75;66;39.01
75;69;12.70
75;72;29.81
75;74;60.09
75;79;94.99
75;81;83.62
75;82;71.92
75;87;73.54
75;88;2.37
75;89;8.62
75;93;3.88
75;95;27.27
75;97;84.92
75;98;93.17
76;0;78.07
76;3;79.01
76;6;5.96
76;11;4.90
76;12;12.83
76;13;77.10
76;14;1.87
76;19;41.02
76;32;69.21
76;34;18.17
76;36;69.64
76;37;72.60
76;43;47.11
76;44;38.03
76;45;27.95
76;53;48.20
76;57;9.74
76;58;75.64
76;64;85.99
76;66;70.47
76;67;15.40
76;68;48.48
76;69;52.02
76;71;35.62
76;72;35.10
76;74;54.64
76;81;14.70
76;85;6.45
76;90;74.90
76;91;75.76
76;93;89.69
76;99;88.59
77;2;38.67
77;9;42.89
77;12;79.45
77;13;15.01
77;16;92.56
77;17;4.76
77;22;19.19
77;24;93.27
77;28;75.57
77;29;62.57
77;30;21.23
77;33;40.55
77;36;11.88
77;39;97.74
77;40;91.07
77;45;51.15
77;47;87.13
77;54;84.63
77;56;79.12
77;62;64.23
77;65;55.15
77;66;82.09
77;67;10.06
77;69;67.29
77;71;97.99
77;72;57.04
77;74;93.67
77;79;94.42
77;83;73.04
77;92;91.35
77;96;60.15
77;97;19.57
78;0;5.46
78;1;87.44
78;2;94.97
78;4;25.76
78;5;53.04
78;6;73.80
78;7;59.92
78;9;29.71
78;10;37.04
78;13;66.87
78;14;3.19
78;21;97.99
78;32;78.18
78;34;76.67
78;37;29.83
78;40;88.29
78;42;54.10
78;48;41.83
78;53;63.50
78;63;53.44
78;64;66.95
78;66;59.89
78;68;86.55
78;72;17.42
78;81;35.82
78;84;47.22
78;85;36.52
78;91;41.10
78;92;51.66
78;96;80.34
79;2;85.12
79;4;81.25
79;5;95.28
79;9;53.20
79;12;86.27
79;16;8.31
79;17;61.44
79;19;23.25
79;34;43.58
79;36;70.13
79;37;40.91
79;42;89.80
79;43;33.39
79;45;98.20
79;47;32.01
79;51;33.45
79;52;61.76
79;54;64.39
79;59;57.16
79;62;70.66
79;64;14.19
79;72;68.91
79;74;94.56
79;75;94.99
79;77;94.42
79;82;43.08
79;90;45.72
79;93;59.93
79;94;59.12
79;95;38.24
79;98;62.36
80;0;82.37
80;18;42.78
80;27;25.14
80;28;78.54
80;30;43.72
80;31;19.10
80;32;9.24
80;33;32.63
80;42;6.37
80;43;98.99
80;46;81.91
80;47;12.80
80;51;20.50
80;54;51.34
80;55;42.78
80;57;69.16
80;62;14.02
80;63;35.10
80;70;93.30
80;73;16.35
80;86;7.04
80;89;66.88
80;93;21.81
81;0;13.98
81;5;17.26
81;8;91.79
81;12;58.52
81;21;45.55
81;22;14.78
81;26;92.82
81;35;43.61
81;38;6.78
81;40;8.28
81;44;44.54
81;45;5.70
81;46;53.27
81;49;57.23
81;51;83.29
81;53;42.57
81;55;18.06
81;56;36.78
81;57;64.99
81;61;32.97
81;62;85.44
81;64;19.95
81;66;94.38
81;67;43.10
81;68;4.11
81;71;39.88
81;74;83.56
81;75;83.62
81;76;14.70
81;78;35.82
81;82;86.10
81;87;74.77
81;96;18.15
82;2;72.58
82;5;5.09
82;8;76.38
82;9;8.25
82;10;11.73
82;11;39.99
82;12;70.77
82;14;59.37
82;18;50.77
82;19;97.22
82;21;30.00
82;24;2.75
82;28;76.88
82;29;33.98
82;32;79.33
82;35;12.72
82;41;18.79
82;44;15.05
82;52;75.66
82;53;24.19
82;56;57.85
82;64;45.78
82;65;62.34
82;68;85.47
82;69;93.43
82;70;80.09
82;74;48.46
82;75;71.92
82;79;43.08
82;81;86.10
82;84;71.08
82;90;8.62
82;94;66.66
82;99;64.06
83;1;83.44
83;8;79.78
83;14;46.79
83;15;65.20
83;30;2.84
83;31;82.29
83;35;14.09
83;54;16.81
83;61;29.13
83;63;66.45
83;64;27.34
83;67;2.36
83;68;9.56
83;69;9.29
83;73;63.79
83;74;80.27
83;77;73.04
83;86;35.96
83;87;31.68
83;91;86.88
83;97;16.66
84;3;35.29
84;9;81.17
84;12;81.33
84;15;63.31
84;20;37.74
84;21;90.34
84;23;22.33
84;24;52.07
84;28;70.04
84;29;43.36
84;31;5.08
84;35;26.76
84;37;5.51
84;39;60.39
84;41;17.92
84;45;45.40
84;50;92.10
84;51;98.66
84;56;44.04
84;58;12.44
84;59;9.07
84;60;90.84
84;63;73.36
84;65;24.27
84;66;87.20
84;74;6.17
84;78;47.22
84;82;71.08
84;85;80.05
84;86;29.43
84;87;79.39
84;90;54.16
84;91;35.11
84;95;78.79
84;96;97.29
84;97;96.28
84;99;27.44
85;4;93.34
85;11;74.78
85;16;33.54
85;17;22.59
85;22;63.56
85;23;84.08
85;24;28.53
85;25;26.99
85;28;24.85
85;30;6.84
85;31;43.23
85;43;29.91
85;47;39.29
85;65;10.50
85;69;15.10
85;74;8.45
85;76;6.45
85;78;36.52
85;84;80.05
85;87;77.78
85;89;54.70
85;92;11.91
85;93;24.78
86;6;66.56
86;9;56.28
86;12;67.40
86;16;82.67
86;20;82.15
86;22;22.81
86;24;2.96
86;27;67.77
86;31;61.62
86;32;29.24
86;37;47.98
86;40;12.29
86;41;15.63
86;49;53.45
86;58;66.04
86;63;23.74
86;65;92.35
86;66;94.20
86;67;46.44
86;69;20.73
86;70;99.98
86;73;27.75
86;80;7.04
86;83;35.96
86;84;29.43
86;93;17.03
86;95;36.35
86;97;80.13
86;98;85.54
86;99;49.53
87;0;58.93
87;4;40.74
87;6;83.95
87;7;9.56
87;9;55.69
87;10;11.74
87;20;51.65
87;21;31.00
87;23;18.79
87;24;33.27
87;25;35.89
87;33;17.84
87;36;86.27
87;39;38.15
87;44;46.78
87;48;50.28
87;49;54.65
87;50;13.74
87;52;22.25
87;53;36.87
87;54;88.91
87;60;53.68
87;61;27.64
87;64;82.33
87;66;45.40
87;68;43.78
87;70;7.87
87;72;60.02
87;75;73.54
87;81;74.77
87;83;31.68
87;84;79.39
87;85;77.78
87;93;37.03
87;94;78.46
87;95;35.95
87;97;26.78
87;99;16.82
88;2;6.24
88;10;42.30
88;12;89.90
88;14;61.72
88;19;63.08
88;32;27.02
88;34;56.40
88;36;1.59
88;44;19.01
88;45;20.01
88;50;11.79
88;60;31.55
88;68;62.56
88;70;24.88
88;72;35.64
88;75;2.37
88;89;84.89
88;94;81.34
88;95;25.97
88;99;95.43
89;0;94.16
89;9;70.40
89;11;20.74
89;13;57.46
89;14;10.32
89;18;8.56
89;22;50.24
89;23;50.06
89;24;47.71
89;30;42.82
89;40;68.57
89;43;16.16
89;45;55.58
89;46;25.74
89;49;40.84
89;53;1.23
89;55;64.93
89;59;69.83
89;60;78.97
89;68;34.96
89;75;8.62
89;80;66.88
89;85;54.70
89;88;84.89
89;94;85.75
89;96;91.28
90;1;92.61
90;2;54.16
90;3;41.66
90;7;19.46
90;8;28.71
90;11;12.52
90;12;5.68
90;14;29.18
90;18;92.31
90;24;62.41
90;25;42.30
90;26;65.20
90;27;19.73
90;31;42.65
90;35;78.29
90;39;80.47
90;44;51.75
90;45;69.82
90;59;68.68
90;68;96.18
90;71;2.25
90;73;4.36
90;74;16.28
90;76;74.90
90;79;45.72
90;82;8.62
90;84;54.16
90;92;2.74
90;94;10.95
90;95;20.84
90;98;47.32
91;1;16.67
91;7;15.35
91;9;65.12
91;23;33.15
91;26;20.39
91;27;96.96
91;28;79.90
91;30;72.10
91;31;71.38
91;36;15.01
91;37;67.50
91;44;16.85
91;46;92.76
91;47;53.40
91;50;62.66
91;51;76.65
91;55;2.13
91;59;81.50
91;60;18.14
91;64;41.74
91;66;88.23
91;73;30.36
91;76;75.76
91;78;41.10
91;83;86.88
91;84;35.11
91;93;66.58
91;95;55.65
91;96;79.98
91;99;88.29
92;1;82.52
92;10;61.33
92;12;58.30
92;15;96.29
92;21;7.43
92;23;66.09
92;26;33.35
92;28;74.44
92;29;93.16
92;30;4.82
92;41;59.43
92;43;97.90
92;46;47.26
92;50;92.28
92;53;45.54
92;54;36.67
92;60;41.98
92;61;52.65
92;65;40.30
92;72;81.12
92;77;91.35
92;78;51.66
92;85;11.91
92;90;2.74
93;0;20.29
93;7;16.75
93;10;48.53
93;11;87.50
93;13;94.68
93;14;97.04
93;15;34.82
93;22;91.42
93;26;29.36
93;31;45.86
93;34;9.97
93;42;38.08
93;46;8.65
93;47;69.45
93;52;29.13
93;56;14.96
93;59;36.06
93;61;68.10
93;62;85.34
93;64;34.50
93;69;81.82
93;72;36.44
93;73;40.19
93;75;3.88
93;76;89.69
93;79;59.93
93;80;21.81
93;85;24.78
93;86;17.03
93;87;37.03
93;91;66.58
93;98;51.22
94;5;17.74
94;6;87.14
94;10;7.35
94;15;83.64
94;19;75.18
94;20;86.57
94;25;48.19
94;28;89.93
94;37;1.04
94;42;20.94
94;47;90.52
94;48;79.89
94;50;99.10
94;59;84.39
94;62;22.30
94;69;71.30
94;70;34.51
94;72;46.61
94;79;59.12
94;82;66.66
94;87;78.46
94;88;81.34
94;89;85.75
94;90;10.95
94;95;82.47
94;96;24.00
94;98;35.16
95;2;86.10
95;4;65.72
95;5;4.03
95;6;19.92
95;7;51.19
95;9;56.89
95;11;46.87
95;15;56.77
95;19;24.08
95;20;86.46
95;24;75.43
95;26;6.06
95;28;88.15
95;29;10.78
95;32;21.98
95;38;99.61
95;39;68.07
95;44;96.23
95;47;72.57
95;53;9.25
95;58;27.23
95;72;39.16
95;73;30.74
95;75;27.27
95;79;38.24
95;84;78.79
95;86;36.35
95;87;35.95
95;88;25.97
95;90;20.84
95;91;55.65
95;94;82.47
95;96;35.38
96;2;97.65
96;9;67.15
96;12;72.11
96;23;13.49
96;30;70.81
96;36;57.33
96;38;5.55
96;47;59.23
96;48;39.73
96;49;27.47
96;56;2.54
96;63;68.82
96;64;96.01
96;67;88.74
96;68;8.97
96;70;79.44
96;77;60.15
96;78;80.34
96;81;18.15
96;84;97.29
96;89;91.28
96;91;79.98
96;94;24.00
96;95;35.38
96;97;99.76
97;2;26.66
97;6;80.19
97;12;79.89
97;14;5.36
97;24;66.36
97;27;57.59
97;31;3.67
97;34;5.34
97;38;36.43
97;40;88.83
97;42;1.89
97;44;17.08
97;46;80.80
97;50;67.09
97;51;95.22
97;52;65.68
97;53;28.51
97;55;62.48
97;63;97.41
97;69;8.68
97;70;27.35
97;75;84.92
97;77;19.57
97;83;16.66
97;84;96.28
97;86;80.13
97;87;26.78
97;96;99.76
98;0;28.40
98;2;37.17
98;4;95.85
98;9;94.12
98;11;80.17
98;12;60.81
98;13;56.18
98;16;94.04
98;18;88.58
98;23;59.44
98;24;79.13
98;29;26.12
98;37;60.09
98;38;69.73
98;40;86.39
98;46;26.30
98;47;30.03
98;49;48.91
98;52;87.35
98;53;41.06
98;58;24.17
98;60;54.85
98;64;50.96
98;68;8.23
98;71;62.17
98;75;93.17
98;79;62.36
98;86;85.54
98;90;47.32
98;93;51.22
98;94;35.16
99;1;72.18
99;13;41.31
99;17;30.49
99;18;66.88
99;20;3.79
99;21;26.06
99;26;79.35
99;30;76.91
99;40;18.55
99;42;46.74
99;47;48.70
99;48;76.52
99;50;33.95
99;53;62.52
99;56;47.90
99;57;10.99
99;58;96.10
99;61;75.86
99;65;7.39
99;68;90.03
99;69;74.85
99;71;91.15
99;72;76.46
99;76;88.59
99;82;64.06
99;84;27.44
99;86;49.53
99;87;16.82
99;88;95.43
99;91;88.29
